0.34730598803627704685 0.65269401070169785761 0.00000000126202504806 
0.32982184645720957761 0.46554154858502688752 0.20463660495776345161 
0.00000000099999999999 0.00000000099999999999 0.99999999800000005656 
0.44786303762844986709 0.00000000100000000000 0.55213696137155010568 
0.32547262079591793293 0.48808419994720131374 0.18644317925688083659 
0.34852057965709853926 0.31578108070795701812 0.33569833963494449813 
0.33587617735566077659 0.51312291644818353031 0.15100090619615566534 
0.34809203293355139852 0.65190796606644851874 0.00000000100000000000 
0.28446261105865972008 0.49075021475145902405 0.22478717418988125587 
0.29102377425235909092 0.70897622474764077083 0.00000000100000000000 
0.38950865641243759274 0.44099961931775860657 0.16949172426980382844 
0.99999999799999994554 0.00000000099999999999 0.00000000099999999999 
0.29312877865670000643 0.70687122034329996634 0.00000000100000000000 
0.34952885521296800375 0.41089698261906693055 0.23957416216796512121 
0.58159933634811344927 0.00000000100000000000 0.41840066265188663452 
0.00000000100000000000 0.99999999800000005656 0.00000000100000000000 
0.00000000099999999999 0.00000000099999999999 0.99999999799999994554 
0.35298690491354234311 0.44216794804709774747 0.20484514703935990942 
0.00000000099999999999 0.00000000099999999999 0.99999999799999994554 
0.43944237533991531430 0.56055762366008454745 0.00000000100000000000 
0.52978824231380661214 0.02532054648102095157 0.44489121120517238772 
0.00000000100000000000 0.66443847284273371834 0.33556152615726625443 
0.26021626738654596300 0.57243004809285269463 0.16735368452060128686 
0.99999999799999994554 0.00000000099999999999 0.00000000099999999999 
0.00000001863516417652 0.63203338549572507521 0.36796659586911073525 
0.30910728837283041326 0.45891333578283854955 0.23197937584433109270 
0.32213328065884766493 0.54664779831340426508 0.13121892102774812550 
0.38749741464229975341 0.61250258435770021936 0.00000000100000000000 
0.31670749701151856836 0.68309292339092908541 0.00019957959755251351 
0.29142456952143797055 0.56089602953729644774 0.14767940094126572048 
0.00000000099999999999 0.00000000099999999999 0.99999999799999994554 
0.30281223426262132703 0.54718222372258873420 0.15000554201479002203 
0.33703821256174543164 0.38658192269514191075 0.27637986474311265761 
0.45337466369012591194 0.54662533530987389430 0.00000000100000000000 
0.28869763870663922578 0.60497721946818039385 0.10632514182518054691 
0.00000000100000000000 0.99999999799999994554 0.00000000100000000000 
0.29444983309147892969 0.35812862372505777087 0.34742154318346329944 
0.40212111067731504122 0.59787888832268487604 0.00000000100000000000 
0.36296994831315038121 0.45833214083560130936 0.17869791085124830943 
0.00000000099999999999 0.99999999799999994554 0.00000000099999999999 
0.27254972888999179359 0.40271025189395648347 0.32474001921605166743 
0.39549946852672451802 0.60450053047327534372 0.00000000100000000000 
0.29540210985299797386 0.49580237181231756605 0.20879551833468440458 
0.31031118972700566516 0.34443500313689962011 0.34525380713609471472 
0.33640197832187362925 0.47211679913408566289 0.19148122254404073561 
0.29935716580810417531 0.40752867230088196671 0.29311416189101385799 
0.00000000099999999999 0.99999999800000005656 0.00000000099999999999 
0.29243656260129990976 0.59926809686994508830 0.10829534052875498806 
0.00000000099999999999 0.99999999799999994554 0.00000000099999999999 
0.34015930715197345569 0.54378372018934051368 0.11605697265868603063 
0.99999999800000005656 0.00000000099999999999 0.00000000099999999999 
0.30209054299740528693 0.47703927896082853888 0.22087017804176606317 
0.41771247218686158309 0.56439947704350501567 0.01788805076963337695 
0.00000000099999999999 0.00000000099999999999 0.99999999800000005656 
0.32833338680348439498 0.54182447348841011880 0.12984213970810548622 
0.00000000099999999999 0.00000000099999999999 0.99999999799999994554 
0.31148641080457750707 0.40689810110415880473 0.28161548809126374371 
0.60771721454456939515 0.28969573197916448359 0.10258705347626603799 
0.31433857325076458578 0.45573901369740310585 0.22992241305183236388 
0.36968067484356637031 0.63031932415643354695 0.00000000100000000000 
0.00000000100000000000 0.57610572245644653400 0.42389427654355332775 
0.31375122825735507481 0.36529692003587543869 0.32095185170676948649 
0.35553500366809182021 0.64446499533190815256 0.00000000100000000000 
0.00000000099999999999 0.00000000099999999999 0.99999999799999994554 
0.28149816892245499433 0.62682495134049376340 0.09167687973705124227 
0.00000000100000000000 0.74249728831503480908 0.25750271068496510818 
0.00000000100000000000 0.49013024183333764316 0.50986975716666227409 
0.24413650949234363963 0.44462616551727346392 0.31123732499038297972 
0.28564792582293746515 0.55335533053846364115 0.16099674363859881043 
0.33430088801702090295 0.50686498945283253725 0.15883412253014658755 
0.00000000100000000000 0.99999999800000005656 0.00000000100000000000 
0.24558369459872558815 0.60683055247353245854 0.14758575292774198107 
0.48034569802934379279 0.00000000100000000000 0.51965430097065623549 
0.37812589448907030221 0.62187410451092961505 0.00000000100000000000 
0.30412125142928270183 0.36816066499832711401 0.32771808357239012865 
0.00000000099999999999 0.99999999799999994554 0.00000000099999999999 
0.51382491312965650199 0.00000000100000000000 0.48617508587034369283 
0.39612717364874183712 0.36684263680897749582 0.23703018954228052828 
0.00000000100000000000 0.99999999800000005656 0.00000000100000000000 
0.34892505894705577729 0.65107494005294419548 0.00000000100000000000 
0.00000000100000000000 0.99999999800000005656 0.00000000100000000000 
0.34616816237605624318 0.42762630483286756533 0.22620553279107619149 
0.99999999800000005656 0.00000000099999999999 0.00000000099999999999 
0.38074471572370310879 0.61925521976730935059 0.00000006450898746162 
0.99999999799999994554 0.00000000099999999999 0.00000000099999999999 
0.63083463303516695841 0.00000000100000000000 0.36916536596483295884 
0.32556404724918569515 0.47449655861201678331 0.19993939413879746603 
0.00000000099999999999 0.99999999799999994554 0.00000000099999999999 
0.35370474123445722059 0.46995849373354092737 0.17633676503200176877 
0.35357148499022433841 0.55337610840249895627 0.09305240660727667756 
0.21105348503368356883 0.46423817725811217239 0.32470833770820428654 
0.22644959644368714557 0.40091211696915751705 0.37263828658715536513 
0.99999999799999994554 0.00000000099999999999 0.00000000099999999999 
0.30801329056905579762 0.44626973686934434671 0.24571697256159991118 
0.34841988427869335920 0.40774228671211365516 0.24383782900919298564 
0.31145401394257221650 0.25490591469836587635 0.43364007135906196266 
0.99999999799999994554 0.00000000099999999999 0.00000000099999999999 
0.99999999800000005656 0.00000000099999999999 0.00000000099999999999 
0.00000000099999999999 0.99999999800000005656 0.00000000099999999999 
0.00000000099999999999 0.00000000099999999999 0.99999999800000005656 
0.51013315329653785568 0.00000000100000000000 0.48986684570346211709 
0.36161113585254728298 0.48923024693581051991 0.14915861721164214160 
0.28605687873023033507 0.45114329835813532510 0.26279982291163433983 
0.36118796648543577410 0.54755750798302516014 0.09125452553153905189 
0.00000000100000000000 0.47636526692457931142 0.52363473207542077237 
0.32946832811098270000 0.67053167088901721726 0.00000000100000000000 
0.00000000099999999999 0.99999999799999994554 0.00000000099999999999 
0.33058875942621479549 0.30520271314075192448 0.36420852743303328003 
0.20926944500635777380 0.45675726584348380621 0.33397328915015844775 
0.41411816489024400045 0.43803288037258625298 0.14784895473716980208 
0.39456991460704821106 0.00000000100000000000 0.60543008439295165068 
0.29171814379100530212 0.50706841557839199552 0.20121344063060284113 
0.36558580133434998016 0.51463760405717595692 0.11977659460847410455 
0.00000000099999999999 0.99999999799999994554 0.00000000099999999999 
0.00000000099999999999 0.99999999799999994554 0.00000000099999999999 
0.37026018030607221743 0.47695803496949640277 0.15278178472443140756 
0.00000000099999999999 0.99999999800000005656 0.00000000099999999999 
0.99999999799999994554 0.00000000099999999999 0.00000000099999999999 
0.30595698856275488353 0.38252833309977657406 0.31151467833746848690 
0.27574632219490019525 0.72425367680509977752 0.00000000100000000000 
0.99999999799999994554 0.00000000099999999999 0.00000000099999999999 
0.31984296395111183609 0.38442805317755701644 0.29572898287133109196 
0.32233833641985687457 0.29635578086407154963 0.38130588271607157580 
0.27422794876012740461 0.36981817246287485013 0.35595387877699768975 
0.44861232894023234108 0.55138766024900809359 0.00000001081075964475 
0.32711179899265124815 0.67288820000734872462 0.00000000100000000000 
0.00000000100000000000 0.47190381780842932669 0.52809618119157053506 
0.28635511772139399245 0.58126844765543195237 0.13237643462317402743 
0.35179230005835882000 0.64820769894164120828 0.00000000100000000000 
0.55806627082951221208 0.00000000100000000000 0.44193372817048781620 
0.99999999799999994554 0.00000000099999999999 0.00000000099999999999 
0.26207845950528463330 0.51344120137435000917 0.22448033912036535753 
0.00000000099999999999 0.00000000099999999999 0.99999999800000005656 
0.28760986288433859626 0.51937476572489527094 0.19301537139076613281 
0.32082898371785639746 0.39777978827986709698 0.28139122800227645005 
0.99999999800000005656 0.00000000099999999999 0.00000000099999999999 
0.35085538696998980202 0.64914461203001017076 0.00000000100000000000 
0.35124931846391821422 0.55394958816085793085 0.09480109337522384105 
0.58171571928004872643 0.00000000100000000000 0.41828427971995124635 
0.00000000099999999999 0.99999999800000005656 0.00000000099999999999 
0.00000000099999999999 0.00000000099999999999 0.99999999799999994554 
0.37611497410205640968 0.29273046021650739323 0.33115456568143625260 
0.29866530816356434697 0.60006504643746960692 0.10126964539896604611 
0.00000000099999999999 0.00000000099999999999 0.99999999800000005656 
0.33179315418937749271 0.29922426795811035705 0.36898257785251209473 
0.29868678902297379762 0.34969127111126424579 0.35162193986576195659 
0.26575474750443045524 0.73424525149556962855 0.00000000100000000000 
0.00000000099999999999 0.00000000099999999999 0.99999999799999994554 
0.99999999800000005656 0.00000000099999999999 0.00000000099999999999 
0.00000000100000000000 0.99999999799999994554 0.00000000100000000000 
0.99999999800000005656 0.00000000099999999999 0.00000000099999999999 
0.33175340836270272860 0.23969857915654466107 0.42854801248075252706 
0.33685684278060423757 0.49955077059342267720 0.16359238662597305747 
0.51783917885270047687 0.00000000100000000000 0.48216082014729944039 
0.31777742357284399777 0.30654805505872406712 0.37567452136843182409 
0.30552434677969741994 0.38773069009836985677 0.30674496312193277880 
0.00000000100000000000 0.76968963388604760834 0.23031036511395250321 
0.30043866645288930251 0.26997466591283714177 0.42958666763427361124 
0.33967380781824008107 0.36171315127780606646 0.29861304090395385247 
0.39113210142362875299 0.60886789757637116427 0.00000000100000000000 
0.27645842476669862942 0.64846561886080811288 0.07507595637249327158 
0.00000000100000000000 0.00000000100000000000 0.99999999800000005656 
0.28230693897317732377 0.49975748614539566850 0.21793557488142689671 
0.30477678770198896041 0.35905930863193946667 0.33616390366607162843 
0.28564071102733851193 0.59289566548050653960 0.12146362349215490684 
0.29068043922417102776 0.44735381338604113255 0.26196574738978783969 
0.33536883631949637730 0.53096048345484792019 0.13367068022565567476 
0.38104705528261656466 0.25329166466647823341 0.36566128005090514641 
0.32029957765441435802 0.51761430898238935949 0.16208611336319625473 
0.34670322667990022270 0.38930710405358731618 0.26398966926651251663 
0.26291028265751159587 0.57893354937174390518 0.15815616797074449895 
0.00000000099999999999 0.00000000099999999999 0.99999999799999994554 
0.36230314382312223120 0.63758726828773804041 0.00010958788913970241 
0.00000000099999999999 0.00000000099999999999 0.99999999800000005656 
0.48810194730495976012 0.51189805169504032367 0.00000000100000000000 
0.35668137149537909592 0.31453233715074074839 0.32878629135388021121 
0.54977262226413114998 0.00000000100000000000 0.45022737673586887830 
0.00000000099999999999 0.99999999800000005656 0.00000000099999999999 
0.38871729971850804697 0.61128269928149203682 0.00000000100000000000 
0.00000000100000000000 0.99999999800000005656 0.00000000100000000000 
0.40653780255682042677 0.29574315045837157312 0.29771904698480800011 
0.99999999799999994554 0.00000000099999999999 0.00000000099999999999 
0.26778336116261647337 0.66521213498255826746 0.06700450385482520366 
0.32421806919880957754 0.55363960804027312346 0.12214232276091720186 
0.37093650322832188992 0.49921194981004340940 0.12985154696163467292 
0.38054061772752950654 0.61945938127247046623 0.00000000100000000000 
0.00000000099999999999 0.00000000099999999999 0.99999999799999994554 
0.99999999800000005656 0.00000000099999999999 0.00000000099999999999 
0.99999999799999994554 0.00000000099999999999 0.00000000099999999999 
0.34192592554287137840 0.65807407345712864988 0.00000000100000000000 
0.34673215742570051567 0.40347054758868544644 0.24979729498561409340 
0.00000000099999999999 0.99999999799999994554 0.00000000099999999999 
