0.38683808696960886309 0.36561348811156929584 0.24754842491882175781 
0.35265452494412224960 0.32439489848000296890 0.32295057657587478150 
0.31027002839216105690 0.27364013236092682435 0.41608983924691211875 
0.00000000100000000000 0.30180472233060945397 0.69819527666939040778 
0.44518957201580217076 0.25719460736728072536 0.29761582061691710388 
0.35698433076175478673 0.23087517446382388453 0.41214049477442132874 
0.35640240196564743069 0.33905312458470721060 0.30454447344964530320 
0.46739927116072671476 0.53260072783927325801 0.00000000100000000000 
0.00000000099999999999 0.99999999799999994554 0.00000000099999999999 
0.47162446571935340289 0.31510830478732143600 0.21326722949332513335 
0.29774712884348586428 0.36113722961619848517 0.34111564154031559504 
0.58602101186932009647 0.00000000100000000000 0.41397898713067998733 
0.59146494257333215305 0.40853505642666776421 0.00000000100000000000 
0.49673844557227680996 0.00000000100000000000 0.50326155342772305179 
0.00000000099999999999 0.00000000099999999999 0.99999999800000005656 
0.30410009757636941030 0.40980945856238232272 0.28609044386124821147 
0.25344846241862090119 0.28948313474920539523 0.45706840283217364806 
0.34924737148635193185 0.37452072414623166496 0.27623190436741645870 
0.00000000099999999999 0.00000000099999999999 0.99999999800000005656 
0.38759434263290232225 0.31631688581517386494 0.29608877155192381281 
0.33587364614958276077 0.28536271363075160767 0.37876364021966568707 
0.47600952897078191439 0.00187512290378571826 0.52211534812543236583 
0.33443882974901240068 0.36185952832351542252 0.30370164192747217680 
0.25975291203212697022 0.37514588720970959423 0.36510120075816343554 
0.53804567702802985618 0.00000000100000000000 0.46195432197197022761 
0.36109938137202518549 0.39078945981657092767 0.24811115881140388684 
0.00000000099999999999 0.99999999799999994554 0.00000000099999999999 
0.42918490594718583520 0.28464123537820540388 0.28617385867460876092 
0.99999999800000005656 0.00000000099999999999 0.00000000099999999999 
0.33128444781498012084 0.36368551050696718008 0.30503004167805264357 
0.33567878208719864608 0.38413014468634476550 0.28019107322645658842 
0.41193364231036144751 0.35283103691392941892 0.23523532077570902254 
0.37325668656827482028 0.24674742954080419732 0.37999588389092098240 
0.99999999799999994554 0.00000000099999999999 0.00000000099999999999 
0.40057117704831596283 0.59942882195168412096 0.00000000100000000000 
0.59447007239733606898 0.00000000100000000000 0.40552992660266384828 
0.49812475400713840390 0.00000000100000000000 0.50187524499286151336 
0.45771372161533646628 0.31576240862341631299 0.22652386976124716522 
0.25879770298210569290 0.38986766041898374135 0.35133463659891039921 
0.45197862159513435554 0.27252653078313981982 0.27549484762172588015 
0.99999999799999994554 0.00000000099999999999 0.00000000099999999999 
0.36892275501442778340 0.34684429270810385182 0.28423295227746830927 
0.38175602035956018865 0.32108736569235213354 0.29715661394808762230 
0.30765665040294010169 0.21124528552988650065 0.48109806406717336991 
0.00000000099999999999 0.99999999800000005656 0.00000000099999999999 
0.00000000099999999999 0.99999999800000005656 0.00000000099999999999 
0.00000000099999999999 0.99999999799999994554 0.00000000099999999999 
0.41351425766942839779 0.36019399790980927145 0.22629174442076244178 
0.58717030084539711954 0.41282969815460268670 0.00000000100000000000 
0.99999999799999994554 0.00000000099999999999 0.00000000099999999999 
0.00000000099999999999 0.00000000099999999999 0.99999999800000005656 
0.42503207619185401356 0.25200703972813370823 0.32296088408001222270 
0.00000000099999999999 0.99999999800000005656 0.00000000099999999999 
0.33038471388889040226 0.30118223340804733956 0.36843305270306220267 
0.00000000099999999999 0.99999999799999994554 0.00000000099999999999 
0.00000000099999999999 0.00000000099999999999 0.99999999800000005656 
0.00000000100000000000 0.45140566582466851164 0.54859433317533157215 
0.00000000100000000000 0.00000000100000000000 0.99999999799999994554 
0.31200575744151615165 0.28655038572876423419 0.40144385682971961415 
0.45259318812295712409 0.32046218510567364701 0.22694462677136928441 
0.32219353220887447797 0.29022879511010324372 0.38757767268102227831 
0.00000000099999999999 0.00000000099999999999 0.99999999799999994554 
0.46192627302246258569 0.27552976225649289388 0.26254396472104457594 
0.99999999800000005656 0.00000000099999999999 0.00000000099999999999 
0.40071600742209939616 0.59928399157790057661 0.00000000100000000000 
0.36687337164348654550 0.42408837114232261767 0.20903825721419080907 
0.00000000100000000000 0.40325186553484748675 0.59674813346515243051 
0.32575414528249857504 0.21693018554952128718 0.45731566916798005451 
0.00000000099999999999 0.00000000099999999999 0.99999999800000005656 
0.41403082086291326247 0.32526660541349522449 0.26070257372359156856 
0.54195765429797893020 0.45804234470202093155 0.00000000100000000000 
0.44328577194206419954 0.26276504337941486433 0.29394918467852093613 
0.00000000099999999999 0.00000000099999999999 0.99999999800000005656 
0.38566201539640682094 0.41946699074960674958 0.19487099385398640172 
0.49064444400045098549 0.00000000100000000000 0.50935555499954909831 
0.99999999800000005656 0.00000000099999999999 0.00000000099999999999 
0.37373292615003445016 0.20668464577879686050 0.41958242807116868933 
0.99999999800000005656 0.00000000099999999999 0.00000000099999999999 
0.39289694233364552689 0.29862214435632639109 0.30848091331002802651 
0.42684949869885541185 0.32587138951040367507 0.24727911179074091308 
0.59033478001324446449 0.40966521898675534175 0.00000000100000000000 
0.00000000099999999999 0.99999999800000005656 0.00000000099999999999 
0.00000000099999999999 0.00000000099999999999 0.99999999799999994554 
0.38293423689211569805 0.28493123995191349529 0.33213452315597091768 
0.00000000099999999999 0.00000000099999999999 0.99999999800000005656 
0.00000000099999999999 0.99999999800000005656 0.00000000099999999999 
0.40007428898540664530 0.30724588934419655439 0.29267982167039668928 
0.59996151721279111779 0.40003848178720885498 0.00000000100000000000 
0.00000000099999999999 0.99999999799999994554 0.00000000099999999999 
0.40105821948437803126 0.37343501818981228446 0.22550676232580954550 
0.37266905590506566037 0.23003795401729743020 0.39729299007763690943 
0.39373276765648312914 0.00000000100000000000 0.60626723134351678812 
0.57725566125550620278 0.42274433774449371448 0.00000000100000000000 
0.00000000099999999999 0.00000000099999999999 0.99999999800000005656 
0.38639333419381816093 0.31675466670669694125 0.29685199909948484231 
0.27905147074853325906 0.20086154692052715642 0.52008698233093964003 
0.45237903545390939497 0.00000000100000000000 0.54762096354609046678 
0.38383212260522098225 0.00000000100000000000 0.61616787639477899052 
0.99999999800000005656 0.00000000099999999999 0.00000000099999999999 
0.28814589968628578909 0.24003429191943070897 0.47181980839428350194 
0.34657751871146919020 0.24820359906687622376 0.40521888222165458604 
0.33613645932412677952 0.36088077385730982227 0.30298276681856334269 
0.00000000100000000000 0.39789935216682253971 0.60210064683317743306 
0.99999999800000005656 0.00000000099999999999 0.00000000099999999999 
0.00000000099999999999 0.00000000099999999999 0.99999999800000005656 
0.45136216820734820221 0.54863783079265182607 0.00000000100000000000 
0.99999999800000005656 0.00000000099999999999 0.00000000099999999999 
0.00000000100000000000 0.35294892967466223732 0.64705106932533773545 
0.33858416728974571885 0.25855942655089875215 0.40285640615935541797 
0.35344203311866467798 0.36498419006990573399 0.28157377681142964354 
0.26743453772047826034 0.29536235815481026723 0.43720310412471141692 
0.29940216326725471729 0.35622080426793933938 0.34437703246480588781 
0.37332966440960618781 0.38538559890432594335 0.24128473668606792435 
0.00000000099999999999 0.99999999800000005656 0.00000000099999999999 
0.44404270043145405156 0.27660015938949139569 0.27935714017905444173 
0.38649384981401085914 0.34601481232290004497 0.26749133786308909588 
0.42145555038611232090 0.33716845937391637378 0.24137599023997124981 
0.37538387159055258691 0.36279237138336833945 0.26182375702607912915 
0.32580028709367814255 0.21512899036094498828 0.45907072254537689693 
0.52504822214755431098 0.47495177685244566179 0.00000000100000000000 
0.32398715570171027212 0.33021880208741799523 0.34579404221087162163 
0.36166976102847192553 0.24040695903504089026 0.39792327993648718421 
0.47750867301253291375 0.00000000100000000000 0.52249132598746705902 
0.34456878952578207098 0.22974166690012531866 0.42568954357409272138 
0.43723312426939059394 0.25395184772168105658 0.30881502800892834948 
0.54736828771714263198 0.45263171128285734079 0.00000000100000000000 
0.00000000099999999999 0.00000000099999999999 0.99999999800000005656 
0.43687031857087704756 0.28529718656455643755 0.27783249486456651489 
0.00000000099999999999 0.99999999800000005656 0.00000000099999999999 
0.00000000099999999999 0.00000000099999999999 0.99999999799999994554 
0.41164070823877663141 0.29566281897955143387 0.29269647278167193472 
0.40610915631184124619 0.28193075163319825105 0.31196009205496050276 
0.00000000099999999999 0.00000000099999999999 0.99999999799999994554 
0.39245050277340653988 0.36819911461994120350 0.23935038260665220111 
0.00000000099999999999 0.99999999800000005656 0.00000000099999999999 
0.00000000099999999999 0.00000000099999999999 0.99999999799999994554 
0.35365095733674450917 0.46321096440292502949 0.18313807826033035031 
0.40250770037703109683 0.29044008215624322888 0.30705221746672550776 
0.30802894179996104240 0.24686103740109810456 0.44511002079894079753 
0.38606396904405820836 0.39160926643716997830 0.22232676451877186885 
0.39827240970426314171 0.21461076588842811774 0.38711682440730871280 
0.31577733005176561454 0.30364902009207439537 0.38057364985615999009 
0.39858836759241561554 0.32193349297211604210 0.27947813943546828686 
0.43340003701710477779 0.00000000100000000000 0.56659996198289519498 
0.99999999799999994554 0.00000000099999999999 0.00000000099999999999 
0.00000000099999999999 0.00000000099999999999 0.99999999800000005656 
0.00000000099999999999 0.99999999800000005656 0.00000000099999999999 
0.37005930487431448750 0.39827462224888982023 0.23166607287679566451 
0.35050340538465157847 0.35145914539882072702 0.29803744921652769451 
0.37077255436973527436 0.32016391954821304955 0.30906352608205162058 
0.32313284406460945908 0.25431262932432990853 0.42255452661106063239 
0.29050957199729865454 0.16020632585204633291 0.54928410215065492928 
0.32987651566254760915 0.37449571565216493996 0.29562776868528745089 
0.43834795862210956807 0.27666855904588549819 0.28498348233200493373 
0.99999999800000005656 0.00000000099999999999 0.00000000099999999999 
0.33388441956275216604 0.29559400549876529984 0.37052157493848264513 
0.41429269939442503468 0.31276849157394331913 0.27293880903163164620 
0.30686889009593731892 0.25090139626718643839 0.44222971363687629820 
0.38468495768269028723 0.00000000100000000000 0.61531504131730974105 
0.38293066765077421465 0.41380495471355621673 0.20326437763566948536 
0.99999999800000005656 0.00000000099999999999 0.00000000099999999999 
0.99999999800000005656 0.00000000100000000000 0.00000000100000000000 
0.99999999800000005656 0.00000000099999999999 0.00000000099999999999 
0.34021683400782881668 0.27633152737605737315 0.38345163861611381018 
0.59462980325090741829 0.00000000100000000000 0.40537019574909266550 
0.56700679941500631287 0.00000000100000000000 0.43299319958499371541 
0.48397892415127058419 0.00000000100000000000 0.51602107484872938858 
0.99999999800000005656 0.00000000099999999999 0.00000000099999999999 
0.31031867937389856493 0.33094784905596558167 0.35873347157013579789 
0.39644816116287479035 0.19458737224951250244 0.40896446658761270720 
0.36639978860248512138 0.28051883084887291320 0.35308138054864207644 
0.38861649184716717809 0.19427345842276519394 0.41711004973006754470 
0.00000000100000000000 0.55399854079423915820 0.44600145820576081457 
0.50115427313326676995 0.00000000100000000000 0.49884572586673336936 
0.00000000099999999999 0.99999999800000005656 0.00000000099999999999 
0.00000000099999999999 0.00000000099999999999 0.99999999800000005656 
0.00000000099999999999 0.99999999799999994554 0.00000000099999999999 
0.31769477647505578455 0.42666754996662015209 0.25563767355832395234 
0.33741604608291053680 0.34349366643849316150 0.31909028747859624620 
0.30958341308219367027 0.33354877577889741058 0.35686781113890880812 
0.47675900290573863805 0.00000000100000000000 0.52324099609426144575 
0.58173400338831449119 0.41826599561168548158 0.00000000100000000000 
0.40171701211223997952 0.33494477549941481520 0.26333821238834526079 
0.42749591144024018385 0.31102355861913344448 0.26148052994062637167 
0.38927731050624037046 0.39101114134671566269 0.21971154814704402236 
0.36785963738748611584 0.27354496455533877652 0.35859539805717510763 
0.34435253821697869858 0.27685145243197967213 0.37879600935104157378 
0.33638187670076397096 0.40699675102427929074 0.25662137227495668279 
0.57945556521262930882 0.00000000100000000000 0.42054443378737071946 
0.38443668359306548687 0.41945576212384411141 0.19610755428309040171 
0.37315471356251039836 0.30468180177957548960 0.32216348465791400102 
0.00000000099999999999 0.00000000099999999999 0.99999999800000005656 
