0.53762447149918690670 0.24198707955398215952 0.22038844894683104481 
0.47886402390400734097 0.33011417010331378652 0.19102180599267887251 
0.30482740724591544934 0.28175832269471268177 0.41341427005937197992 
0.00000000100000000000 0.41003916434466330942 0.58996083465533655232 
0.38878898333312006397 0.30642590770108685261 0.30478510896579297240 
0.43684109264409876072 0.20768537034553738452 0.35547353701036393803 
0.51555242724927685671 0.21537281865927238034 0.26907475409145070744 
0.56617721483982663688 0.43379331267045057041 0.00002947248972285300 
0.00000000100000000000 0.43741895245708828366 0.56258104654291174462 
0.99999999799999994554 0.00000000099999999999 0.00000000099999999999 
0.47416685742751685240 0.38764525622880791067 0.13818788634367523693 
0.61598452292629846117 0.21702151171803416019 0.16699396535566735089 
0.57944870715485174983 0.13121660050832059663 0.28933469233682768129 
0.00000000099999999999 0.99999999799999994554 0.00000000099999999999 
0.00000000099999999999 0.99999999800000005656 0.00000000099999999999 
0.43034707859282123055 0.30503854310592160015 0.26461437830125722481 
0.20453766094255129704 0.33319423726960323284 0.46226810178784544236 
0.37772383597108433184 0.38222098578989976980 0.24005517823901587060 
0.00000000099999999999 0.99999999800000005656 0.00000000099999999999 
0.99999999800000005656 0.00000000099999999999 0.00000000099999999999 
0.00000000099999999999 0.99999999800000005656 0.00000000099999999999 
0.50164863041880092265 0.00000000100000000000 0.49835136858119899461 
0.46825332941047503876 0.27230624137513298466 0.25944042921439197658 
0.99999999799999994554 0.00000000100000000000 0.00000000100000000000 
0.24346883620324161202 0.38462266084667567911 0.37190850295008276438 
0.45024605754307361893 0.30744454777664215195 0.24230939468028425687 
0.49473300062954134182 0.38568598653780905572 0.11958101283264957471 
0.52139541060899785574 0.25870655077943094380 0.21989803861157120046 
0.67157645912331509486 0.00004248797986223839 0.32838105289682256727 
0.49702619820706944731 0.28546516811436528638 0.21750863367856534958 
0.00000000100000000000 0.54674763311866902971 0.45325236588133099858 
0.66385754919480666203 0.00000000100000000000 0.33614244980519336625 
0.36920443389475887663 0.24478522638669036882 0.38601033971855075455 
0.00000000099999999999 0.99999999800000005656 0.00000000099999999999 
0.46350412539669078038 0.28590850592494698734 0.25058736867836228779 
0.00000000100000000000 0.57354558318502057990 0.42645441581497933736 
0.00000000099999999999 0.00000000099999999999 0.99999999799999994554 
0.61339664754068756736 0.38660335145931251644 0.00000000100000000000 
0.34979276728018771081 0.39295361847044812942 0.25725361424936410426 
0.99999999800000005656 0.00000000099999999999 0.00000000099999999999 
0.33469070740079287507 0.30001800465378802851 0.36529128794541915193 
0.61513618630137056886 0.38486381269862940391 0.00000000100000000000 
0.39685575872377087947 0.31901486828698094600 0.28412937298924817453 
0.00000000100000000000 0.42028004258701662232 0.57971995641298346147 
0.42939837099040506496 0.29298454782725735779 0.27761708118233763276 
0.00000000099999999999 0.99999999800000005656 0.00000000099999999999 
0.99999999800000005656 0.00000000099999999999 0.00000000099999999999 
0.52091715529535720375 0.26143926355951102591 0.21764358114513177034 
0.99999999799999994554 0.00000000099999999999 0.00000000099999999999 
0.44981976951239410756 0.24789128043852617922 0.30228895004907974098 
0.30295857461704051028 0.23300148981605584009 0.46403993556690370514 
0.45048195865693718698 0.17065663567282049473 0.37886140567024234604 
0.99999999799999994554 0.00000000099999999999 0.00000000099999999999 
0.00000000099999999999 0.00000000099999999999 0.99999999800000005656 
0.64329199019795424430 0.35670800880204561745 0.00000000100000000000 
0.00000000099999999999 0.00000000099999999999 0.99999999799999994554 
0.00000000099999999999 0.00000000099999999999 0.99999999799999994554 
0.00000000100000000000 0.00000000100000000000 0.99999999800000005656 
0.44102013128542788545 0.27136266156664218263 0.28761720714792987641 
0.99999999800000005656 0.00000000099999999999 0.00000000099999999999 
0.38848860646989691325 0.20509314008314943889 0.40641825344695353683 
0.31816078433604233489 0.24525374335406102677 0.43658547230989663834 
0.00000000099999999999 0.00000000099999999999 0.99999999800000005656 
0.30567497464384263406 0.23528177177309511636 0.45904325358306224958 
0.00000000099999999999 0.99999999799999994554 0.00000000099999999999 
0.41942628356412586799 0.35542596340895266094 0.22514775302692138781 
0.00000000099999999999 0.00000000099999999999 0.99999999800000005656 
0.00000000099999999999 0.00000000099999999999 0.99999999800000005656 
0.45183893171487593543 0.12006807085049321648 0.42809299743463097299 
0.53207152056710071975 0.46792847843289919751 0.00000000100000000000 
0.99999999800000005656 0.00000000099999999999 0.00000000099999999999 
0.00000000099999999999 0.00000000099999999999 0.99999999800000005656 
0.12095697631337062883 0.40447202167365819969 0.47457100201297125475 
0.53454998283162469264 0.27927714738473552458 0.18617286978363989380 
0.37482452590588621888 0.15433092309018014987 0.47084455100393368676 
0.99999999799999994554 0.00000000099999999999 0.00000000099999999999 
0.23625435196743921340 0.31639552783185309615 0.44735012020070769045 
0.37164762441355120304 0.42806688615195009895 0.20028548943449867026 
0.46051803211747249778 0.32629352439434422539 0.21318844348818327683 
0.99999999800000005656 0.00000000099999999999 0.00000000099999999999 
0.00000000099999999998 0.99999999800000005656 0.00000000099999999998 
0.99999999799999994554 0.00000000100000000000 0.00000000100000000000 
0.00000000100000000000 0.39784552972955189443 0.60215446927044802283 
0.54149236349567930748 0.29978355369597581292 0.15872408280834496286 
0.29017138934351605073 0.19929521333167898867 0.51053339732480496060 
0.47712855120945435461 0.25812120654187747926 0.26475024224866827716 
0.35185577434857373547 0.37047088637815661638 0.27767333927326970366 
0.99999999800000005656 0.00000000099999999999 0.00000000099999999999 
0.00000000099999999998 0.99999999799999994554 0.00000000099999999998 
0.00000000099999999998 0.99999999799999994554 0.00000000099999999998 
0.48323263130278615307 0.00000000100000000000 0.51676736769721376419 
0.29313208506071775084 0.28819735088926967670 0.41867056405001262798 
0.00000000099999999999 0.99999999800000005656 0.00000000099999999999 
0.42030149071191635901 0.30718254438818132224 0.27251596489990231875 
0.39217728752755454114 0.31179871193996527845 0.29602400053248018041 
0.11300466503069503399 0.37278925788582112366 0.51420607708348375908 
0.00000000100000000000 0.44757447489607887769 0.55242552410392120610 
0.28250662266671977552 0.28286284461985672367 0.43463053271342338979 
0.38942462746620820635 0.35981589198794533546 0.25075948054584645819 
0.00000000100000000000 0.43196735764514226918 0.56803264135485764807 
0.31004098614783165422 0.27102964519798289356 0.41892936865418545223 
0.40511912430491714421 0.29055815464186252051 0.30432272105322039080 
0.50026350498576777071 0.00000000100000000000 0.49973649401423220207 
0.46345958144827520409 0.29585988612862768043 0.24068053242309719875 
0.28787141925268577847 0.30370718058880308288 0.40842140015851108314 
0.99999999799999994554 0.00000000099999999999 0.00000000099999999999 
0.99999999800000005656 0.00000000099999999999 0.00000000099999999999 
0.30481196272617006038 0.32321255827239181446 0.37197547900143812516 
0.47830054256334547658 0.00000000100000000000 0.52169945643665460722 
0.41689353914130372614 0.39276112087722958588 0.19034533998146668798 
0.21298702753854673042 0.32645503420184057708 0.46055793825961260923 
0.59017587194010068252 0.40982412705989917923 0.00000000100000000000 
0.99999999800000005656 0.00000000099999999999 0.00000000099999999999 
0.46963399717408449430 0.24158138913807220005 0.28878461368784330565 
0.64925427921660283648 0.00000000100000000000 0.35074571978339730283 
0.61525470238505353127 0.38474529661494638599 0.00000000100000000000 
0.44574312141223071393 0.27398988352104569621 0.28026699506672364537 
0.41923544419327868349 0.38380042193751318091 0.19696413386920813560 
0.32347373071265073108 0.29033954424166708019 0.38618672504568218873 
0.44891251304560825242 0.25882625844308421170 0.29226122851130753588 
0.38844475763467189999 0.29570816593006588047 0.31584707643526210852 
0.35060125113290896426 0.23153169950018123724 0.41786704936690977075 
0.22728890858338132719 0.27966669845303931963 0.49304439296357938094 
0.31483242324715104976 0.30523562331632603239 0.37993195343652286233 
0.38467668166111973482 0.32145640695802324416 0.29386691138085702102 
0.99999999799999994554 0.00000000099999999999 0.00000000099999999999 
0.32784642363348753813 0.17006006530672460042 0.50209351105978783369 
0.47672218455770154488 0.23049629452044584355 0.29278152092185255606 
0.40447543715400890996 0.34043379927488154335 0.25509076357110949118 
0.00000000099999999999 0.99999999799999994554 0.00000000099999999999 
0.47460272533977559961 0.23117108210633605103 0.29422619255388837711 
0.47395473355204714716 0.26722746286740756139 0.25881780358054529145 
0.00000000099999999999 0.00000000099999999999 0.99999999800000005656 
0.00000000099999999999 0.00000000099999999999 0.99999999800000005656 
0.36118870915540174371 0.38714868300124993805 0.25166260784334837375 
0.00000000099999999999 0.00000000099999999999 0.99999999800000005656 
0.53496794396203883881 0.27625020873531108689 0.18878184730265012981 
0.45933518278506457744 0.29029920248283552775 0.25036561473209995032 
0.25144770704403995865 0.35152069361097382227 0.39703159934498610806 
0.55351836216983030248 0.29957115064930073256 0.14691048718086902047 
0.00000000100000000000 0.33422010201884749803 0.66577989698115236372 
0.31168645292487540122 0.30592575742052324772 0.38238778965460146209 
0.63358124328037379591 0.00000000100000000000 0.36641875571962634339 
0.00000000099999999999 0.00000000099999999999 0.99999999800000005656 
0.34029325658061976290 0.24717782001177318607 0.41252892340760705103 
0.28570993958787455069 0.22314484875629128635 0.49114521165583419071 
0.66860795294835828617 0.33139204605164157558 0.00000000100000000000 
0.50717777047387790912 0.24040761582173875155 0.25241461370438328382 
0.00000000099999999999 0.99999999800000005656 0.00000000099999999999 
0.43325316690196108427 0.27857015839854148975 0.28817667469949748149 
0.46503038699729576377 0.00000000100000000000 0.53496961200270409797 
0.00000000099999999999 0.00000000099999999999 0.99999999800000005656 
0.49841153610187438616 0.35680985185385333258 0.14477861204427230901 
0.46207902994393884599 0.32851609364659017931 0.20940487640947100245 
0.30099185874967931964 0.22268392355793306669 0.47632421769238764142 
0.36059810257876218076 0.29166969776645151891 0.34773219965478630034 
0.35970539167401022196 0.31100735567622156408 0.32928725264976815845 
0.19089582532715043683 0.32474695900586642017 0.48435721566698314300 
0.35052631297247127673 0.18485643545966690127 0.46461725156786176649 
0.00000000099999999999 0.00000000099999999999 0.99999999799999994554 
0.61639849312404515480 0.00000000100000000000 0.38360150587595492899 
0.00000000100000000000 0.00000000100000000000 0.99999999799999994554 
0.64445178767708344303 0.35554821132291641872 0.00000000100000000000 
0.38653009692775081030 0.17308380769264933297 0.44038609537959982898 
0.48993609878278404635 0.29864035470111299775 0.21142354651610292815 
0.39931864090361507413 0.13176829040635787416 0.46891306869002696844 
0.48757963407723903249 0.24416359096379050553 0.26825677495897054525 
0.27530400261100868020 0.29115364756527734036 0.43354234982371403495 
0.46981892507764538847 0.27849002683677670511 0.25169104808557785091 
0.41865459267090798789 0.18013161282314330003 0.40121379450594873983 
0.43717795087693606115 0.24061592692536820648 0.32220612219769573237 
0.53010957341312825442 0.00000006394640940540 0.46989036264046235569 
0.46169874914885122852 0.36138648734447775812 0.17691476350667109663 
0.00000000100000000000 0.34657794705315392303 0.65342205194684599423 
0.51715691363518967449 0.25585698790024163918 0.22698609846456865857 
0.00000000099999999999 0.00000000099999999999 0.99999999800000005656 
0.99999999799999994554 0.00000000100000000000 0.00000000100000000000 
0.66362338185051239492 0.33637661616628744543 0.00000000198320016432 
0.99999999800000005656 0.00000000099999999999 0.00000000099999999999 
0.41532511504758695686 0.29623560626128153661 0.28843927869113145102 
0.00000000100000000000 0.45113602839535515976 0.54886397060464475750 
0.99999999800000005656 0.00000000099999999999 0.00000000099999999999 
0.51235190487397319625 0.20523845520299963119 0.28240963992302714480 
0.64003045185985230070 0.35996954257571572855 0.00000000556443188948 
0.44724857817549368288 0.34784910490035803043 0.20490231692414842546 
0.00000000099999999999 0.00000000099999999999 0.99999999799999994554 
0.00000000099999999999 0.99999999800000005656 0.00000000099999999999 
0.00000000099999999998 0.99999999799999994554 0.00000000099999999998 
0.38594929996410021200 0.43640166446622741248 0.17764903556967243103 
0.47018086259769054092 0.35930832845097765427 0.17051080895133177706 
0.00000000099999999999 0.00000000099999999999 0.99999999800000005656 
0.47042228763935156621 0.31280844025406912001 0.21676927210657928602 
