0.42134452449192372203 0.23354656917380475778 0.34510890633427160346 
0.45122262155387266036 0.34614099923518676372 0.20263637921094057592 
0.00000000100000000000 0.60203444167785846730 0.39796555732214156098 
0.39365037583494072448 0.60634962316505924829 0.00000000100000000000 
0.33019742492731368744 0.30146699717925407036 0.36833557789343229771 
0.00000000099999999999 0.00000000099999999999 0.99999999800000005656 
0.59480426351242521310 0.40519573548757475967 0.00000000100000000000 
0.41517186512964415757 0.26854933291277593987 0.31627880195757990256 
0.43742559631071575854 0.30324456316110648402 0.25932984052817764642 
0.56112300694182670746 0.00000000100000000000 0.43887699205817337633 
0.42727760989581570206 0.26413340222050674111 0.30858898788367761234 
0.44538376379097005531 0.15726488653592143874 0.39735134967310858922 
0.43147344422583733259 0.20688302824733365015 0.36164352752682904502 
0.36862182853156744144 0.26574826120038513855 0.36562991026804742001 
0.44334283289090087310 0.33422871657067060314 0.22242845053842852376 
0.99999999799999994554 0.00000000099999999999 0.00000000099999999999 
0.32587920198564146457 0.40570031846625792538 0.26842047954810061006 
0.54087972491040714473 0.45912027408959277253 0.00000000100000000000 
0.00000000099999999999 0.99999999800000005656 0.00000000099999999999 
0.00000000099999999999 0.99999999800000005656 0.00000000099999999999 
0.37363875315421751777 0.33306782589735023370 0.29329342094843224853 
0.00000000099999999999 0.00000000099999999999 0.99999999799999994554 
0.55946801391579081830 0.00000000100000000000 0.44053198508420932100 
0.00000000099999999999 0.99999999799999994554 0.00000000099999999999 
0.38634724245804136222 0.33793552280483007966 0.27571723473712855812 
0.99999999800000005656 0.00000000099999999999 0.00000000099999999999 
0.44862069072748544940 0.30597004075071859708 0.24540926852179595352 
0.42765141281018337338 0.25438595486878629037 0.31796263232103039176 
0.44055381209084343297 0.24498204166640913382 0.31446414624274743321 
0.41435624328068071387 0.25609848362533427224 0.32954527309398495838 
0.99999999800000005656 0.00000000099999999999 0.00000000099999999999 
0.66701408186798938349 0.33298591713201064479 0.00000000100000000000 
0.99999999800000005656 0.00000000099999999999 0.00000000099999999999 
0.38288511305616346192 0.22806012603420272589 0.38905476090963370117 
0.48040434323792097215 0.18753223506657371034 0.33206342169550528975 
0.00000000099999999999 0.99999999799999994554 0.00000000099999999999 
0.00000000100000000000 0.51857791959566790219 0.48142207940433212610 
0.41952359537179340077 0.23455052804615778017 0.34592587658204870804 
0.00000000099999999999 0.99999999800000005656 0.00000000099999999999 
0.99999999800000005656 0.00000000099999999999 0.00000000099999999999 
0.31512408961455429246 0.33108595329811663088 0.35378995708732907666 
0.53496423237457801925 0.00000000100000000000 0.46503576662542200904 
0.35778672615356216236 0.28689262813383442641 0.35532064571260346675 
0.00000000099999999999 0.99999999800000005656 0.00000000099999999999 
0.43729443973131348899 0.33816898905220038607 0.22453657121648620820 
0.00000000099999999999 0.99999999799999994554 0.00000000099999999999 
0.35785661389334399995 0.24164140915271120624 0.40050197695394479380 
0.00000000099999999999 0.00000000099999999999 0.99999999800000005656 
0.00000000099999999999 0.00000000099999999999 0.99999999799999994554 
0.56904384878896296929 0.00000000100000000000 0.43095615021103700348 
0.30520750748153946397 0.34554663992932826977 0.34924585258913226626 
0.30963170560273078902 0.27971917449267047484 0.41064911990459862512 
0.45025337705498391649 0.29003842982739258538 0.25970819311762349813 
0.46004046174891699561 0.53995953725108281063 0.00000000100000000000 
0.55934521864653985457 0.00009088484925898083 0.44056389650420119120 
0.40709275281135037794 0.25578209952867114740 0.33712514765997836363 
0.00000000099999999999 0.00000000099999999999 0.99999999800000005656 
0.00000000100000000000 0.99999999799999994554 0.00000000100000000000 
0.36766076589680246611 0.29209118464174887997 0.34024804946144854290 
0.41174149439629281755 0.22547519973924357028 0.36278330586446361217 
0.00000000100000000000 0.45506838810008998220 0.54493161089991004609 
0.34604558584300182389 0.30121741912188371160 0.35273699503511435349 
0.48427839961927787726 0.00000000100000000000 0.51572159938072204000 
0.00000000099999999999 0.00000000099999999999 0.99999999799999994554 
0.46687920500858154371 0.23179651941498610745 0.30132427557643243210 
0.42847987330211356749 0.27691290853039679520 0.29460721816748952628 
0.35315521892072321286 0.39346861643195035763 0.25337616464732631849 
0.00000000100000000000 0.39542309864096186756 0.60457690035903799419 
0.00000000099999999999 0.00000000099999999999 0.99999999800000005656 
0.49861478268096703914 0.21576854305561551928 0.28561667426341752485 
0.52305988797470071017 0.47694011102529926260 0.00000000100000000000 
0.00000000100000000000 0.31179372887089623623 0.68820627012910373654 
0.00000000099999999999 0.99999999799999994554 0.00000000099999999999 
0.37641214309053494524 0.20201712845216485137 0.42157072845730020338 
0.30420423287033404591 0.30403049915405300219 0.39176526797561306292 
0.99999999799999994554 0.00000000099999999999 0.00000000099999999999 
0.37871031143680816689 0.35528263389642378289 0.26600705466676793920 
0.41834641128033633883 0.38064049441243258398 0.20101309430723102167 
0.39803441830312091820 0.31659549902710515390 0.28537008266977381687 
0.00000000099999999999 0.99999999799999994554 0.00000000099999999999 
0.43102254443644760773 0.39648705097328984515 0.17249040459026254712 
0.57777380781319997993 0.42222619118680004835 0.00000000100000000000 
0.00000000099999999999 0.99999999800000005656 0.00000000099999999999 
0.44813577660368225652 0.22117799965973733434 0.33068622373658040914 
0.00000000099999999999 0.99999999799999994554 0.00000000099999999999 
0.00000000099999999999 0.99999999799999994554 0.00000000099999999999 
0.40578353014430201817 0.37114934502582758169 0.22306712482987037238 
0.99999999800000005656 0.00000000099999999999 0.00000000099999999999 
0.41460526358174798478 0.36560674355184336060 0.21978799286640859911 
0.51150458287296818316 0.48849541612703178961 0.00000000100000000000 
0.33535489741634116889 0.29740367423188868168 0.36724142835177031596 
0.33336069783935473598 0.37927069585513173422 0.28736860630551352980 
0.50218518496425201825 0.23165235790538865612 0.26616245713035918685 
0.43078318721819347514 0.29428730394228636014 0.27492950883952022023 
0.36817287527111547396 0.31494598828303888016 0.31688113644584570139 
0.32024470220809025944 0.42459233763362902447 0.25516296015828071608 
0.32949699835916113067 0.36844692204398243884 0.30205607959685643049 
0.33861361371013259935 0.37532286550572163675 0.28606352078414581941 
0.43347750240933879962 0.23421542080666443719 0.33230707678399679095 
0.34473594348575148372 0.37934132061413439185 0.27592273590011406892 
0.45795347181226442324 0.54204652718773549402 0.00000000100000000000 
0.42873527424102869654 0.00000000100000000000 0.57126472475897116521 
0.31555467184981306206 0.26537735401673223645 0.41906797413345475700 
0.43496978151027987369 0.32724232488413662612 0.23778789360558347243 
0.37645796033006445613 0.33913973620976406442 0.28440230346017147944 
0.46885103029166902422 0.25849155956615288421 0.27265741014217803606 
0.00000000099999999999 0.00000000099999999999 0.99999999800000005656 
0.32415326880716227587 0.41353645686862172681 0.26231027432421605283 
0.33849434378794673872 0.30099946182568376729 0.36050619438636949399 
0.99999999799999994554 0.00000000099999999999 0.00000000099999999999 
0.00000000100000000000 0.55325714563504557741 0.44674285336495445087 
0.39897908456460706716 0.29008142161119604419 0.31093949382419694416 
0.39939318027070014328 0.32960113150241310276 0.27100568822688680948 
0.00000000099999999999 0.99999999799999994554 0.00000000099999999999 
0.00000000099999999999 0.00000000099999999999 0.99999999799999994554 
0.36998508282600878205 0.36268133099042243472 0.26733358618356872771 
0.41390940507335038934 0.26889509860130450525 0.31719549632534510542 
0.42060913193022447798 0.34161693777230800473 0.23777393029746757280 
0.33518187464833282263 0.35021683557427396583 0.31460128977739321154 
0.00000000099999999999 0.00000000099999999999 0.99999999799999994554 
0.49377512993808753139 0.21585017930998520730 0.29037469075192734458 
0.00000000100000000000 0.45881014468351583035 0.54118985431648414242 
0.00000000100000000000 0.45997046853056039462 0.54002953046943946713 
0.37320130120571681775 0.35728129830374893983 0.26951740049053418691 
0.99999999799999994554 0.00000000099999999999 0.00000000099999999999 
0.99999999800000005656 0.00000000099999999999 0.00000000099999999999 
0.00000000099999999999 0.00000000099999999999 0.99999999800000005656 
0.00000000100000000000 0.45602713481152518105 0.54397286418847490275 
0.33611912314650271849 0.35163981301666508150 0.31224106383683203347 
0.99999999800000005656 0.00000000099999999999 0.00000000099999999999 
0.51292984580113776261 0.17962179914271661496 0.30744835505614559468 
0.39624929014790261084 0.29039155216221634870 0.31335915768988098495 
0.42912869340100090465 0.34262861389744697638 0.22824269270155209122 
0.00000000100000000000 0.46300998152879324632 0.53699001747120678196 
0.53562329263941654833 0.46437670636058336893 0.00000000100000000000 
0.00000000099999999999 0.00000000099999999999 0.99999999799999994554 
0.60745086464799780135 0.00000000100000000000 0.39254913435200233796 
0.56168795220247502709 0.00000000100000000000 0.43831204679752505671 
0.00000000099999999999 0.99999999800000005656 0.00000000099999999999 
0.99999999800000005656 0.00000000099999999999 0.00000000099999999999 
0.30653068003833244815 0.26022525057256729042 0.43324406938910031695 
0.36732166090267065472 0.32341594495220288286 0.30926239414512635140 
0.37616488542845477605 0.31610397323900274458 0.30773114133254242386 
0.53004127724384264564 0.46995479772822451592 0.00000392502793285542 
0.34132804391774068664 0.36067978843595493998 0.29799216764630426235 
0.00000000099999999999 0.00000000099999999999 0.99999999800000005656 
0.99999999799999994554 0.00000000099999999999 0.00000000099999999999 
0.45617280603066168165 0.21456777967077078628 0.32925941429856753206 
0.43849047228302223678 0.26429075271240026757 0.29721877500457760668 
0.41345342529656414765 0.29259772312225013069 0.29394885158118566615 
0.30305619413707951537 0.32437258707625699072 0.37257121878666343839 
0.28689554585484677851 0.34080423380870794592 0.37230022033644533108 
0.43797632335221498012 0.29244991367154549167 0.26957376297623952821 
0.41345625212412395744 0.30527947105073516276 0.28126427682514076878 
0.36990194490480621248 0.31220343252238796916 0.31789462257280587387 
0.99999999799999994554 0.00000000099999999999 0.00000000099999999999 
0.40144398582805240761 0.23648952466125247596 0.36206648951069519971 
0.31579800927622420081 0.36792960188457829451 0.31627238883919750467 
0.00000000100000000000 0.42829806637718409457 0.57170193262281598923 
0.44497817465103289836 0.20925132530391876706 0.34577050004504827907 
0.42577371075899045350 0.16263769476214703924 0.41158859447886247951 
0.00000000100000000000 0.99999999799999994554 0.00000000100000000000 
0.39545906219075127597 0.29066570221606924385 0.31387523559317948019 
0.28363293863057054134 0.34211085459994899916 0.37425620676948040400 
0.90380932547268766353 0.09616220972687186674 0.00002846480044043024 
0.00000000099999999999 0.00000000099999999999 0.99999999799999994554 
0.49080379860787365365 0.17991084341004007219 0.32928535798208624641 
0.31801760756615826686 0.38759694665898203336 0.29438544577485969977 
0.38841609968120066609 0.29638111651914728073 0.31520278379965199766 
0.33076817266871805234 0.26767747115443801809 0.40155435617684398508 
0.42505316236444790068 0.19050406040326514634 0.38444277723228698074 
0.99999999800000005656 0.00000000099999999999 0.00000000099999999999 
0.45099333431289612140 0.30265491525221399627 0.24635175043488996560 
0.28958317527235383215 0.31281724985685221974 0.39759957487079394811 
0.99999999799999994554 0.00000000099999999999 0.00000000099999999999 
0.45675522969601067835 0.00000000100000000000 0.54324476930398923891 
0.43034591234949437499 0.56965408665050565329 0.00000000100000000000 
0.00000000099999999999 0.00000000099999999999 0.99999999800000005656 
0.43468793001399635978 0.24809765510232695274 0.31721441488367674300 
0.99999999799999994554 0.00000000099999999999 0.00000000099999999999 
0.37761995171756074230 0.35200323474218880859 0.27037681354025028257 
0.99999999799999994554 0.00000000099999999999 0.00000000099999999999 
0.62926319306903655271 0.00001226881673664566 0.37072453811422673153 
0.38919309218046993504 0.37040130980087099255 0.24040559801865918343 
0.51104059573346416467 0.29876582596535244951 0.19019357830118346908 
0.39884591487127984966 0.21210455117282703275 0.38904953395589314535 
0.65262748601686193517 0.34737251038996913577 0.00000000359316882422 
0.00000000099999999999 0.99999999800000005656 0.00000000099999999999 
0.00000000099999999999 0.99999999799999994554 0.00000000099999999999 
0.45388636000280668803 0.26619485638978568343 0.27991878360740762854 
0.00000000099999999999 0.00000000099999999999 0.99999999799999994554 
0.00000000099999999999 0.99999999800000005656 0.00000000099999999999 
