0.54465816287229040782 0.35268508330125303285 0.10265675382645655933 
0.49587265293544630085 0.33518651814557498536 0.16894082891897874155 
0.38929266652405730698 0.15330762424133492772 0.45739970923460770980 
0.00000000099999999999 0.00000000099999999999 0.99999999800000005656 
0.50149376161792702522 0.29482424007790608567 0.20368199830416694462 
0.27263373057123513332 0.30270209870835185217 0.42466417072041301450 
0.56554311019605441047 0.43445396314620832179 0.00000292665773727632 
0.55657041669002094153 0.44342958230997903124 0.00000000100000000000 
0.48515449801354793014 0.35753367111742362372 0.15731183086902847390 
0.61947220848018358375 0.38052779051981644454 0.00000000100000000000 
0.00000000099999999999 0.00000000099999999999 0.99999999799999994554 
0.49495886125765453656 0.50504113774234549172 0.00000000100000000000 
0.65295719748356362278 0.34703001118802434544 0.00001279132841215221 
0.99999999800000005656 0.00000000100000000000 0.00000000100000000000 
0.00000000099999999999 0.99999999800000005656 0.00000000099999999999 
0.57121454814150873780 0.42878545085849117946 0.00000000100000000000 
0.33420598237300203071 0.23543750760363812979 0.43035651002335989501 
0.43952769519205636684 0.32868840858498621360 0.23178389622295741956 
0.00000000099999999999 0.00000000099999999999 0.99999999799999994554 
0.00000000099999999999 0.99999999800000005656 0.00000000099999999999 
0.47581596355616989635 0.32506070504941109167 0.19912333139441901197 
0.43959498316947925867 0.23654284804597242031 0.32386216878454832102 
0.51783865314171706462 0.33654519045986847070 0.14561615639841446468 
0.00000000100000000000 0.43394146053430981969 0.56605853846569009757 
0.00000000100000000000 0.60929552379623619363 0.39070447520376383466 
0.56304400079235883414 0.27235846482795511569 0.16459753437968605017 
0.52771945530676855896 0.27717873964739031534 0.19510180504584112571 
0.59944927663260894057 0.40013307732655672977 0.00041764604083437026 
0.53718157214447748160 0.33797673590727295156 0.12484169194824955296 
0.43747356217282246105 0.38177793964653872205 0.18074849818063881690 
0.48450781570298045997 0.34455738898567045414 0.17093479531134905813 
0.54581525377031614443 0.45418474522968371732 0.00000000100000000000 
0.57983885786428324138 0.00000000100000000000 0.42016114113571684241 
0.58307960296729210992 0.41692039603270769632 0.00000000100000000000 
0.00000000099999999999 0.99999999800000005656 0.00000000099999999999 
0.99999999800000005656 0.00000000099999999999 0.00000000099999999999 
0.40860569745753827497 0.25152343570121588057 0.33987086684124589997 
0.99999999800000005656 0.00000000099999999999 0.00000000099999999999 
0.00000000099999999999 0.00000000099999999999 0.99999999799999994554 
0.00000000099999999999 0.99999999800000005656 0.00000000099999999999 
0.40173000207375386683 0.20863781185028207332 0.38963218607596400433 
0.72986242947201362963 0.00000000267121966302 0.27013756785676668049 
0.47963594188590680245 0.31189270854926587351 0.20847134956482732404 
0.99999999799999994554 0.00000000100000000000 0.00000000100000000000 
0.43076210670840664463 0.34190804420795539720 0.22732984908363806920 
0.36128626876888059183 0.35441006565067362244 0.28430366558044584124 
0.57968829944610000826 0.41981141558596046792 0.00050028496793965490 
0.99999999800000005656 0.00000000099999999999 0.00000000099999999999 
0.99999999800000005656 0.00000000099999999999 0.00000000099999999999 
0.99999999800000005656 0.00000000099999999999 0.00000000099999999999 
0.37315126102556117615 0.27370947911656662299 0.35313925985787225637 
0.00000000099999999999 0.00000000099999999999 0.99999999800000005656 
0.51677980532780920520 0.31144557969070169046 0.17177461498148913210 
0.36572056178818040939 0.31506634011915307658 0.31921309809266651403 
0.42852617109772661586 0.36147080187067276436 0.21000302703160059203 
0.00000000099999999999 0.99999999800000005656 0.00000000099999999999 
0.44740853152904513923 0.40983521541592754511 0.14275625305502731566 
0.00000000100000000000 0.99999999800000005656 0.00000000100000000000 
0.50267080403208375117 0.49732919496791611058 0.00000000100000000000 
0.60575462262463108942 0.39424537637536888335 0.00000000100000000000 
0.00000000099999999999 0.00000000099999999999 0.99999999800000005656 
0.53162007207114214680 0.00000000100000000000 0.46837992692885782597 
0.59114710794904967717 0.40885289105095018458 0.00000000100000000000 
0.38796532366358710275 0.28124166109631892896 0.33079301524009402380 
0.48014473876871599511 0.40699878004159084632 0.11285648118969321407 
0.00000000099999999999 0.99999999799999994554 0.00000000099999999999 
0.41104456293871877159 0.21053958001831807323 0.37841585704296321069 
0.99999999728138122546 0.00000000100000000000 0.00000000171861888850 
0.54745601212400651914 0.36320665952788833142 0.08933732834810526047 
0.43824950943129764580 0.41009485492856551092 0.15165563564013687103 
0.46032848177586704885 0.32178240527505652668 0.21788911294907642446 
0.99999999800000005656 0.00000000099999999999 0.00000000099999999999 
0.48081625651790349529 0.00000000100000000000 0.51918374248209642197 
0.00000000099999999999 0.00000000099999999999 0.99999999800000005656 
0.45490921382943194651 0.27884776247092629697 0.26624302369964175652 
0.68111025748499354204 0.31888974151500643073 0.00000000100000000000 
0.00000000099999999999 0.00000000099999999999 0.99999999799999994554 
0.48492180309412580286 0.26828439352739386070 0.24679380337848025317 
0.58572155629494060403 0.32954693725506689628 0.08473150644999256909 
0.65290908006949155418 0.34709091893050830757 0.00000000100000000000 
0.00000000100000000000 0.49662332993597685382 0.50337666906402322997 
0.00000000099999999999 0.99999999799999994554 0.00000000099999999999 
0.39004383924829316710 0.27394270247478041957 0.33601345827692635782 
0.50887674754597900240 0.39089092909354344885 0.10023232336047757651 
0.33034418132055354267 0.26817666896987818470 0.40147914970956821712 
0.00000000099999999999 0.99999999800000005656 0.00000000099999999999 
0.44312399521550360770 0.34094912991949821723 0.21592687486499814731 
0.99999999800000005656 0.00000000099999999999 0.00000000099999999999 
0.49710493327902272043 0.21874846999228308997 0.28414659672869402307 
0.65599707073291613213 0.00000877479180703251 0.34399415447527681433 
0.47488974925239052505 0.18159100295098212774 0.34351924779662740272 
0.99999999800000005656 0.00000000100000000000 0.00000000100000000000 
0.59291592949219873443 0.40708406950780118283 0.00000000100000000000 
0.43689721175712614709 0.40792521857578378786 0.15517756966709006505 
0.51526020473522327059 0.28457462227994057002 0.20016517298483610388 
0.36487051341881143740 0.17371437645674789318 0.46141511012444075268 
0.45213651245583080795 0.26073427953394329171 0.28712920801022590034 
0.00000000099999999999 0.00000000099999999999 0.99999999799999994554 
0.99999999799999994554 0.00000000099999999999 0.00000000099999999999 
0.41607062659055166209 0.19845396554685654222 0.38547540786259176793 
0.36481859925645937492 0.20807168420028088196 0.42710971654325968760 
0.40598393719648384614 0.43362758251716609914 0.16038848028634999920 
0.49105071756737866950 0.21019843907213445200 0.29875084336048685074 
0.99999999799999994554 0.00000000099999999999 0.00000000099999999999 
0.43260693453171633616 0.22413250481728363983 0.34326056065099996850 
0.00000000099999999999 0.99999999800000005656 0.00000000099999999999 
0.54108548125629940539 0.41580195131758102001 0.04311256742611956766 
0.37490818120452212847 0.26086000338384807140 0.36423181541162963359 
0.00000000099999999999 0.00000000099999999999 0.99999999800000005656 
0.48456476570137246851 0.27827289524584430946 0.23716233905278311100 
0.00000000099999999999 0.00000000099999999999 0.99999999800000005656 
0.43305717242234770259 0.42211131364090925810 0.14483151393674306706 
0.99999999799999994554 0.00000000099999999999 0.00000000099999999999 
0.66501243648677632603 0.32200210961555519873 0.01298545389766847004 
0.53880971741212102533 0.35265556419479943129 0.10853471839307954339 
0.63773270147377603134 0.00000012651406431078 0.36226717201215963282 
0.99999999799999994554 0.00000000099999999999 0.00000000099999999999 
0.48553436675154543201 0.28407458347263514487 0.23039104977581936762 
0.38732353155796483968 0.24607321894025957487 0.36660324950177558545 
0.63401222334308626749 0.36598775811024025773 0.00000001854667346806 
0.55427855192751196434 0.44572144707248800843 0.00000000100000000000 
0.62424650384699231775 0.00000000100000000000 0.37575349515300787706 
0.35358615728725467653 0.27958670311643035733 0.36682713959631496614 
0.50219549698160459439 0.00000000100000000000 0.49780450201839548940 
0.59950088724737204959 0.30907602474904610768 0.09142308800358177334 
0.61122418711000758851 0.38877581188999243977 0.00000000100000000000 
0.00000000099999999999 0.99999999800000005656 0.00000000099999999999 
0.52328251311197782059 0.31398742826802783501 0.16273005861999442767 
0.51005798120527268136 0.35147926843267562891 0.13846275036205171749 
0.49015939899433513816 0.35293048870586096744 0.15691011229980392216 
0.79883326015729461123 0.00000000100000000000 0.20116673884270555583 
0.46788330866188138080 0.34068502369559927612 0.19143166764251939860 
0.42111545512900466770 0.36350503564674324641 0.21537950922425203037 
0.59657236367695432033 0.37314876176653949402 0.03027887455650609544 
0.50930584860348426801 0.26201594105319891970 0.22867821034331689556 
0.44405297622764555721 0.21739841272734805599 0.33854861104500627578 
0.50096992381808103101 0.42951334810263347430 0.06951672807928546693 
0.00000000099999999999 0.99999999800000005656 0.00000000099999999999 
0.43545353002386444352 0.00000000100000000000 0.56454646897613547374 
0.00000000099999999999 0.99999999799999994554 0.00000000099999999999 
0.44557810558930777134 0.21337567083480143970 0.34104622357589070569 
0.00000000099999999999 0.00000000099999999999 0.99999999800000005656 
0.44396705084392890095 0.36529814768752466581 0.19073480146854643325 
0.00000000099999999999 0.99999999799999994554 0.00000000099999999999 
0.40043953539227777894 0.20519178731310772079 0.39436867729461450027 
0.00000000099999999999 0.00000000099999999999 0.99999999800000005656 
0.64551536757138561207 0.35448450448898943810 0.00000012793962501259 
0.00000000099999999999 0.99999999800000005656 0.00000000099999999999 
0.51620731540756126243 0.27020733747001862701 0.21358534712242005504 
0.74568863933545159739 0.00000078085174303046 0.25431057981280535962 
0.35669894540613594769 0.30415675034976114022 0.33914430424410285658 
0.00000000099999999999 0.99999999799999994554 0.00000000099999999999 
0.62146354306099649278 0.37853645059502821768 0.00000000634397518182 
0.42011303681923328757 0.34813705369892683494 0.23174990948183996076 
0.38087973850098028050 0.26565481883856423284 0.35346544266045554217 
0.00000000099999999999 0.02486927061649096826 0.97513072838350900451 
0.44156478443406937950 0.47143535353013704681 0.08699986203579360144 
0.34951014000398705761 0.22320792020153301660 0.42728193979447998130 
0.00000000099999999999 0.00000000099999999999 0.99999999800000005656 
0.55461457947272352342 0.44538440353797814630 0.00000101698929837190 
0.57042027713055420968 0.33154084426378904737 0.09803887860565682622 
0.57904959673784883734 0.18165036072412132917 0.23930004253802997227 
0.49645270288045578733 0.36105790573733570481 0.14248939138220842460 
0.34584742587975336736 0.31438305717978620724 0.33976951694046031438 
0.50353462704512874648 0.32642673670464800173 0.17003863625022319628 
0.48554077979647519703 0.20532217437033800644 0.30913704583318679653 
0.50746123703354339973 0.49253876196645646202 0.00000000100000000000 
0.48764784568569363721 0.00000000100000000000 0.51235215331430628005 
0.55241589270724034133 0.44749961117916908782 0.00008449611359052213 
0.43930509065769868249 0.24242092755626340472 0.31827398178603788503 
0.99999999799999994554 0.00000000099999999999 0.00000000099999999999 
0.00000000099999999999 0.99999999799999994554 0.00000000099999999999 
0.45894467004726602344 0.29196582292223366428 0.24908950703050031228 
0.00000000099999999999 0.00000000099999999999 0.99999999799999994554 
0.63307082663830582803 0.36692917236169408923 0.00000000100000000000 
0.41334539845262890934 0.20174733277571418877 0.38490726877165692965 
0.00000000099999999999 0.99999999800000005656 0.00000000099999999999 
0.60808498205016003890 0.39169642437123486367 0.00021859357860517411 
0.48540759505278979757 0.39790340353880271351 0.11668900140840741952 
0.45676146468736728012 0.39846520623267644989 0.14477332907995629774 
0.50990815766397135089 0.00000948218294731079 0.49008236015308137556 
0.99999999800000005656 0.00000000099999999999 0.00000000099999999999 
0.55438416069321982960 0.44561583830678014317 0.00000000100000000000 
0.00000000099999999999 0.00000000099999999999 0.99999999799999994554 
0.99999999800000005656 0.00000000099999999999 0.00000000099999999999 
0.52600478839302589051 0.38331666664944030742 0.09067854495753384370 
0.43566862835444380986 0.43131178060424318899 0.13301959104131291789 
0.45094919542594330553 0.32441982225385995742 0.22463098232019676481 
0.00000000099999999999 0.99999999799999994554 0.00000000099999999999 
0.60100726413802596504 0.29540167460115623888 0.10359106126081780996 
0.45816510758810397030 0.33275828061850232231 0.20907661179339367963 
0.48462100288838266815 0.40714649822741677543 0.10823249888420066744 
