0.13957402522753487029 0.40571458973747875909 0.45471138503498620409 
0.30659234121841189014 0.34269499486526761034 0.35071266391632055504 
0.46024291722042065533 0.24254715564183929044 0.29720992713774002647 
0.52080149830149324863 0.25642892799818395311 0.22276957370032285377 
0.34071075734200256813 0.35358398085522341203 0.30570526180277401984 
0.63745758646150552096 0.36254241253849439630 0.00000000100000000000 
0.00000000099999999999 0.99999999799999994554 0.00000000099999999999 
0.00000000099999999999 0.99999999799999994554 0.00000000099999999999 
0.22584722904246506969 0.42457936104038462855 0.34957340991715035727 
0.18192499598056838250 0.41040477579387457663 0.40767022822555709638 
0.45308059693644925359 0.00000000100000000000 0.54691940206355060816 
0.00000000100000000000 0.44859239310954052149 0.55140760589045945128 
0.00000000099999999999 0.00000000099999999999 0.99999999800000005656 
0.39374966004371586559 0.33480858776809740984 0.27144175218818683559 
0.21909118994980647521 0.41874213421492684217 0.36216667583526673813 
0.23070181459210759023 0.35298648815122490863 0.41631169725666744563 
0.49539576657502770729 0.29841042240020526632 0.20619381102476710965 
0.32506162667507432218 0.36422416320728190353 0.31071421011764377429 
0.99999999800000005656 0.00000000099999999999 0.00000000099999999999 
0.40628485399199937289 0.59325166097866199877 0.00046348502933855901 
0.33486021137903992928 0.34924046182909790348 0.31589932679186227826 
0.34838842980372647373 0.31091876395736228744 0.34069280623891118331 
0.32838297543061395478 0.35417282288171936244 0.31744420168766662727 
0.39210209755473141024 0.00000000100000000000 0.60789790144526845150 
0.00000000099999999999 0.99999999799999994554 0.00000000099999999999 
0.20183114196596477208 0.40332894982127687200 0.39483990821275832817 
0.00000000100000000000 0.46085037506082832115 0.53914962393917165162 
0.27954386610822640202 0.38132658459199592071 0.33912954929977778828 
0.00000000099999999999 0.00000000099999999999 0.99999999800000005656 
0.00000000100000000000 0.45353627285458342211 0.54646372614541660617 
0.21288406321561417767 0.41593218639001022785 0.37118375039437556673 
0.00000000099999999999 0.99999999799999994554 0.00000000099999999999 
0.35506282493466939654 0.35820391174960980463 0.28673326331572085435 
0.00000000100000000000 0.42759587815026189883 0.57240412084973801843 
0.00000000099999999999 0.99999999799999994554 0.00000000099999999999 
0.27464832256071464167 0.36118302653581763062 0.36416865090346767220 
0.00000000099999999999 0.99999999799999994554 0.00000000099999999999 
0.29228794180143730097 0.30568605817590221996 0.40202600002266053458 
0.37104832189815156740 0.39738245616278788930 0.23156922193906048779 
0.24359859454978419202 0.38073489217456724099 0.37566651327564859475 
0.99999999799999994554 0.00000000099999999999 0.00000000099999999999 
0.00000747551791763725 0.52069527028646245270 0.47929725419561985955 
0.29496162211577742207 0.37273408507414285129 0.33230429281007972664 
0.00000000099999999999 0.00000000099999999999 0.99999999800000005656 
0.50425419282536998455 0.49574560043170851076 0.00000020674292158640 
0.28328811407089787844 0.36482767219462419739 0.35188421373447803520 
0.26534381040491528125 0.30487730218800684900 0.42977888740707781423 
0.00000000099999999999 0.00000000099999999999 0.99999999800000005656 
0.00000000099999999999 0.00000000099999999999 0.99999999799999994554 
0.42307591430224883444 0.57692408469775102731 0.00000000100000000000 
0.38320428640442827373 0.31382178571325014538 0.30297392788232158090 
0.36988096797990227538 0.33022227836060935591 0.29989675365948842423 
0.00000000099999999999 0.99999999800000005656 0.00000000099999999999 
0.44490466192394562128 0.29963929942538369833 0.25545603865067056937 
0.00000000100000000000 0.54248374886765071690 0.45751625013234914485 
0.29406168212521166527 0.36127066257544249162 0.34466765529934584311 
0.99999999800000005656 0.00000000099999999999 0.00000000099999999999 
0.50191543723350762196 0.00000000100000000000 0.49808456176649240632 
0.00000000099999999999 0.00000000099999999999 0.99999999800000005656 
0.20260113514872560292 0.35569477990729797545 0.44170408494397639387 
0.44406748381765653866 0.27656596453408949232 0.27936655164825402453 
0.41296800389467541725 0.33056263836647975518 0.25646935773884482757 
0.00000000100000000000 0.51079371666797168672 0.48920628233202845259 
0.38769119177041294622 0.25337113726306953465 0.35893767096651740811 
0.20948936698804535017 0.42826386190288262545 0.36224677110907199662 
0.00000000099999999999 0.00000000099999999999 0.99999999799999994554 
0.43422277458151459228 0.33335282381908637461 0.23242440159939906086 
0.37242705750352705918 0.33618654118440705059 0.29138640131206589023 
0.00000000099999999999 0.99999999799999994554 0.00000000099999999999 
0.00000000100000000000 0.52293652602545148689 0.47706347297454848588 
0.00000000100000000000 0.54773457014270898746 0.45226542885729104082 
0.00000000099999999999 0.00000000099999999999 0.99999999799999994554 
0.99999999800000005656 0.00000000099999999999 0.00000000099999999999 
0.00000000100000000000 0.57484661238613343759 0.42515338661386659069 
0.41080732233055411440 0.30135990253850614140 0.28783277513093985522 
0.32640679208780198906 0.39529496997519625312 0.27829823793700175782 
0.47276471876009340534 0.29857234393323989208 0.22866293730666681361 
0.29224006448254241652 0.32876308038078516649 0.37899685513667236147 
0.00000000099999999999 0.99999999799999994554 0.00000000099999999999 
0.37409335242667474120 0.00000000100000000000 0.62590664657332528709 
0.37721203675179393322 0.33776937613528618121 0.28501858711291988557 
0.00000000099999999999 0.00000000099999999999 0.99999999800000005656 
0.53318376961766555944 0.46681622938233446884 0.00000000100000000000 
0.00000000100000000000 0.43393417037669784753 0.56606582862330212524 
0.99991484141032227484 0.00008515758967769732 0.00000000100000000000 
0.99999999800000005656 0.00000000099999999999 0.00000000099999999999 
0.29122965906536635305 0.32926203576043949761 0.37950830517419409382 
0.00000000100000000000 0.47991657468353249305 0.52008342431646759074 
0.00000000099999999999 0.99999999799999994554 0.00000000099999999999 
0.37669936418316751769 0.39754079368413597351 0.22575984213269642553 
0.52463363440681642924 0.47536636459318348802 0.00000000100000000000 
0.63062772035881653476 0.36937227864118338250 0.00000000100000000000 
0.00000000099999999999 0.99999999799999994554 0.00000000099999999999 
0.31643253010860450392 0.38941391504789651945 0.29415355484349897663 
0.31470663106024965305 0.37636817936114630445 0.30892518957860398698 
0.63292926158479534404 0.36707073741520451771 0.00000000100000000000 
0.55885104730303192255 0.44114895169696805022 0.00000000100000000000 
0.55299512874348999425 0.44700487025650997852 0.00000000100000000000 
0.26499076859552195273 0.37160846424752075334 0.36340076715695734944 
0.46945267088045505854 0.33468787779240516400 0.19585945132713980521 
0.47404527334854296150 0.32908333600205724734 0.19687139064939990218 
0.33043028588603418072 0.34153550023884438058 0.32803421387512138319 
0.34634737943986626529 0.28460866172329785106 0.36904395883683588364 
0.36298997613952288521 0.37928146250478667056 0.25772856135569038871 
0.99999999800000005656 0.00000000099999999999 0.00000000099999999999 
0.00000000100000000000 0.58653942006252401953 0.41346057893747600875 
0.25448116168672346715 0.36701461826512676856 0.37850422004814976429 
0.43928149376581543395 0.39575572628995214775 0.16496277994423250157 
0.39442653805498550934 0.30773526996007283252 0.29783819198494165814 
0.31658346815724103251 0.38687457199653996209 0.29654195984621911641 
0.58778721298870795220 0.41221278601129213159 0.00000000100000000000 
0.33973201434723537817 0.34699067735857885841 0.31327730829418570790 
0.24765000487040833566 0.44711327400255629350 0.30523672112703531534 
0.00000000100000000000 0.60324774569504147070 0.39675225330495861309 
0.21589641333239620313 0.39233399634359500396 0.39176959032400876515 
0.37401131573069568148 0.39328766029476930344 0.23270102397453504284 
0.99999999799999994554 0.00000000099999999999 0.00000000099999999999 
0.35999957725770498351 0.40233391278562929960 0.23766650995666563362 
0.44613835843598304010 0.30740585917129431559 0.24645578239272264431 
0.00000000099999999999 0.00000000099999999999 0.99999999799999994554 
0.37725640929267278967 0.35442831848540268247 0.26831527222192452786 
0.38786569610815696540 0.32494223317932757755 0.28719207071251551255 
0.63110187499356951157 0.00000000100000000000 0.36889812400643040569 
0.41618861940042667369 0.33482111432167793730 0.24899026627789550004 
0.00000000099999999999 0.00000000099999999999 0.99999999800000005656 
0.00000000099999999999 0.99999999799999994554 0.00000000099999999999 
0.99999999799999994554 0.00000000099999999999 0.00000000099999999999 
0.24094187807586892047 0.38362920589997090426 0.37542891602416017527 
0.00000000100000000000 0.34503188654808009117 0.65496811245191977058 
0.32258332184280719135 0.33930039892417079850 0.33811627923302201015 
0.00000000099999999999 0.99999999800000005656 0.00000000099999999999 
0.30452403286806506433 0.37799880712264277705 0.31747716000929221414 
0.00000000099999999999 0.00000000099999999999 0.99999999799999994554 
0.33015808996876577774 0.38859933167442328728 0.28124257835681093498 
0.26361799623087361910 0.34403121922913476594 0.39235078453999161496 
0.47896932244761669661 0.52103067655238333167 0.00000000100000000000 
0.28331249864987845255 0.40534240542218430425 0.31134509592793718769 
0.23361558310451366327 0.40879211932564990528 0.35759229756983651471 
0.99999999799999994554 0.00000000099999999999 0.00000000099999999999 
0.26100125651939265481 0.43714065665547169326 0.30185808682513565193 
0.00000000099999999999 0.00000000099999999999 0.99999999799999994554 
0.33703650531541440305 0.35077919304172283654 0.31218430164286270490 
0.00000000100000000000 0.56961123308137628918 0.43038876591862368359 
0.00000000099999999999 0.99999999800000005656 0.00000000099999999999 
0.43165491032686559292 0.35166640885344252476 0.21667868081969185456 
0.59449869107694452985 0.40550130740715706334 0.00000000151589838087 
0.00000000099999999999 0.00000000099999999999 0.99999999799999994554 
0.22472340704337037676 0.38851561438912451951 0.38676097856750507598 
0.24412585407712117380 0.38765644818814809502 0.36821769773473078669 
0.31729819984685214695 0.36889294654708959520 0.31380885360605831336 
0.99999999800000005656 0.00000000099999999999 0.00000000099999999999 
0.99999999799999994554 0.00000000099999999999 0.00000000099999999999 
0.23026153069965346609 0.34001808510278230813 0.42972038419756425354 
0.32546065193043971497 0.35375201059361777167 0.32078733747594245784 
0.99999999800000005656 0.00000000099999999999 0.00000000099999999999 
0.39096038307483749197 0.36092230502183247909 0.24811731190333002894 
0.00000000099999999999 0.99999999800000005656 0.00000000099999999999 
0.52652725244074816136 0.24315417694337462806 0.23031857061587723834 
0.42352294888531782924 0.29089776709329462356 0.28557928402138743618 
0.00000000100000000000 0.52295951909978377614 0.47704047990021619663 
0.20890862012395949865 0.36013216946217863068 0.43095921041386187067 
0.00000000100000000000 0.00000000100000000000 0.99999999800000005656 
0.23006571368725611815 0.39039684845851196915 0.37953743785423199597 
0.41311537753450255916 0.28343251397308000250 0.30345210849241732731 
0.99999999799999994554 0.00000000099999999999 0.00000000099999999999 
0.99999999799999994554 0.00000000099999999999 0.00000000099999999999 
0.00000000099999999999 0.00000000099999999999 0.99999999800000005656 
0.40947058140193104414 0.35028120560757386448 0.24024821299049503587 
0.17000131391974265815 0.42109358976798222374 0.40890509631227506260 
0.39385287361332144140 0.32036086697410814939 0.28578625941257040921 
0.99999999800000005656 0.00000000099999999999 0.00000000099999999999 
0.29813726050299194092 0.35726915007221682341 0.34459358942479123566 
0.19415046061807303412 0.44152715169261380623 0.36432238768931307638 
0.39958127163774670443 0.33966531546221345739 0.26075341290003994921 
0.00000000099999999999 0.00000000099999999999 0.99999999800000005656 
0.49397956786886537683 0.28012004374645355087 0.22590038838468101678 
0.56593099191277806970 0.00000000100000000000 0.43406900708722206961 
0.00000000099999999999 0.00000000099999999999 0.99999999799999994554 
0.99999999799999994554 0.00000000099999999999 0.00000000099999999999 
0.41713271663676199097 0.00000000100000000000 0.58286728236323792629 
0.99999999799999994554 0.00000000099999999999 0.00000000099999999999 
0.28078809897921847005 0.34529858965747173283 0.37391331136330979712 
0.00000000099999999999 0.99999999799999994554 0.00000000099999999999 
0.28618083556401885392 0.37694159344039607218 0.33687757099558512941 
0.00000000099999999999 0.99999999799999994554 0.00000000099999999999 
0.99999999799999994554 0.00000000099999999999 0.00000000099999999999 
0.20925101115964067633 0.28791868422182576026 0.50283030461853350790 
0.51033389146987473417 0.00000000100000000000 0.48966610753012518309 
0.60500707284278387732 0.00000000100000000000 0.39499292615721603994 
0.00000000100000000000 0.51387805132890962412 0.48612194767109034865 
0.30655480422219871794 0.30177413454028401141 0.39167106123751727065 
0.00000000100000000000 0.47866866728778445506 0.52133133171221557323 
