0.54404737803815139685 0.45595262096184863143 0.00000000100000000000 
0.45427546229819604218 0.34374803466519565642 0.20197650303660819038 
0.99999999799999994554 0.00000000099999999999 0.00000000099999999999 
0.00000000099999999999 0.00000000099999999999 0.99999999800000005656 
0.44379366072085829620 0.36692904814216653619 0.18927729113697530638 
0.38845336979683015022 0.20905485401347137508 0.40249177618969844694 
0.99999999799999994554 0.00000000099999999999 0.00000000099999999999 
0.47381171162476282133 0.52618828737523715144 0.00000000100000000000 
0.50146462262027413637 0.49853537637972589192 0.00000000100000000000 
0.00000000099999999999 0.99999999800000005656 0.00000000099999999999 
0.51794648708820301142 0.48203679305080893158 0.00001671986098803027 
0.00000000099999999999 0.99999999800000005656 0.00000000099999999999 
0.00000000099999999999 0.99999999799999994554 0.00000000099999999999 
0.33699710167555141371 0.28770787840790634782 0.37529501991654223847 
0.53040496395178970968 0.41912437650505363074 0.05047065954315673592 
0.00000000099999999999 0.99999999800000005656 0.00000000099999999999 
0.36976997515580628528 0.21435218195632929628 0.41587784288786450171 
0.99999999800000005656 0.00000000099999999999 0.00000000099999999999 
0.33116132173992118837 0.27931224906092733118 0.38952642919915136943 
0.61189651228333341582 0.38810345572510973611 0.00000003199155687523 
0.48541235080129191415 0.33078096674124490839 0.18380668245746320522 
0.30665705352424121877 0.33752942885974285270 0.35581351761601592854 
0.41002902871602592283 0.40310864604333679351 0.18686232524063736693 
0.00000000100000000000 0.63292954366641529518 0.36707045533358478862 
0.58147446340068542625 0.41847058539099452057 0.00005495120832015930 
0.99999999799999994554 0.00000000099999999999 0.00000000099999999999 
0.53958352654243357804 0.42445706540790256733 0.03595940804966380605 
0.44796331707249692489 0.40832870781698843432 0.14370797511051455753 
0.39517730666115868932 0.46988872917960455844 0.13493396415923680776 
0.37145559962568380774 0.51803777460255628906 0.11050662577175981993 
0.56847568909146584115 0.43152430990853413162 0.00000000100000000000 
0.56415246906395000170 0.43584752993605008209 0.00000000100000000000 
0.28356339402301622421 0.31920112025889074703 0.39723548571809302876 
0.46663406332782148001 0.53336593567217838174 0.00000000100000000000 
0.00000000099999999999 0.99999999799999994554 0.00000000099999999999 
0.44104993390325286651 0.38644823777401016152 0.17250182832273702749 
0.50533800968967668155 0.00000000100000000000 0.49466198931032323571 
0.00000000099999999999 0.99999999800000005656 0.00000000099999999999 
0.00000000099999999999 0.00000000099999999999 0.99999999800000005656 
0.00000000099999999999 0.00000000099999999999 0.99999999799999994554 
0.36139966027892594935 0.26409911513584988230 0.37450122458522405733 
0.99999999799999994554 0.00000000099999999999 0.00000000099999999999 
0.00000000100000000000 0.58696146337566501572 0.41303853562433495705 
0.99999999799999994554 0.00000000099999999999 0.00000000099999999999 
0.56983235541411447755 0.43016760385383678855 0.00000004073204873955 
0.99999999799999994554 0.00000000099999999999 0.00000000099999999999 
0.49983604265828407431 0.50016395634171584295 0.00000000100000000000 
0.44022128919331882102 0.55977870980668109624 0.00000000100000000000 
0.46052959261321713136 0.53947040638678267488 0.00000000100000000000 
0.47142791621564172910 0.39624829088423380030 0.13232379290012444284 
0.00000000099999999999 0.00000000099999999999 0.99999999799999994554 
0.99999999799999994554 0.00000000099999999999 0.00000000099999999999 
0.00000000099999999999 0.00000000099999999999 0.99999999800000005656 
0.33178743092930784719 0.26235462862000358264 0.40585794045068857017 
0.00000000099999999999 0.99999999799999994554 0.00000000099999999999 
0.00000000099999999999 0.00000000099999999999 0.99999999799999994554 
0.55753027633558793763 0.44246969100056937618 0.00000003266384274667 
0.00000000100000000000 0.00000000100000000000 0.99999999799999994554 
0.52063332996853983747 0.47879799262312788821 0.00056867740833218313 
0.48833462661441318087 0.51114826574409211180 0.00051710764149457452 
0.00000000099999999999 0.00000000099999999999 0.99999999800000005656 
0.00000000099999999999 0.00000000099999999999 0.99999999799999994554 
0.49156854031101665514 0.50810480578328498513 0.00032665390569846029 
0.34476955005113302244 0.31801023068233075231 0.33722021926653616974 
0.00000000099999999999 0.99999999800000005656 0.00000000099999999999 
0.55086959956409509154 0.44898458122124362824 0.00014581921466129430 
0.39453113972954390043 0.22840758657835472101 0.37706127369210135081 
0.27778355667434834197 0.34594530813959001314 0.37627113518606164488 
0.99999999800000005656 0.00000000099999999999 0.00000000099999999999 
0.47925410843487736834 0.41887075044264809875 0.10187514112247446352 
0.00000000099999999999 0.99999999799999994554 0.00000000099999999999 
0.41932521622680685169 0.40369547926562093787 0.17697930450757215493 
0.99999999799999994554 0.00000000099999999999 0.00000000099999999999 
0.40730477416998434048 0.59269522483001557678 0.00000000100000000000 
0.33303861779838006552 0.33492459190345286180 0.33203679029816718371 
0.58050959321213091435 0.41949040578786894740 0.00000000100000000000 
0.38282913915825367290 0.21476752626405690161 0.40240333457768939773 
0.51823712433024571311 0.35656227131328210866 0.12520060435647215047 
0.48718099838157996606 0.40337382702415791602 0.10944517459426204853 
0.53934948024895323915 0.46065051875104662260 0.00000000100000000000 
0.50995514543329767410 0.35051131281076525203 0.13953354175593699060 
0.45930851082765322690 0.37284707390083088319 0.16784441527151588991 
0.41247918549371648256 0.18265912048185795058 0.40486169402442556686 
0.48392516667909635242 0.46417457268959172456 0.05190026063131199241 
0.52628929540087110439 0.00000000100000000000 0.47371070359912892389 
0.00000000099999999999 0.00000000099999999999 0.99999999800000005656 
0.00000000099999999999 0.99999999799999994554 0.00000000099999999999 
0.40213776368224529723 0.59786223531775450901 0.00000000100000000000 
0.49233941826675575726 0.33606033671632967730 0.17160024501691462095 
0.58070187231821135398 0.41929811772698172279 0.00000000995480697254 
0.39657797817704104615 0.26940404076388618781 0.33401798105907276604 
0.42537527057342261472 0.20765292143033503569 0.36697180799624229408 
0.56052342706456581567 0.43947657193543404608 0.00000000100000000000 
0.42851785387932017635 0.35300398206483679653 0.21847816405584311039 
0.49491408549418591800 0.34031676983634279177 0.16476914466947123472 
0.31362227056087782495 0.22703447615329327980 0.45934325328582886749 
0.34408613133726539957 0.29174042616285961182 0.36417344249987504412 
0.41200163261339672882 0.15964576046169901002 0.42835260692490434442 
0.52131788126150635510 0.47868211773849350665 0.00000000100000000000 
0.40229520019846332080 0.28143802691990910114 0.31626677288162757806 
0.00000000100000000000 0.37888924832520975983 0.62111075067479004641 
0.00000000099999999999 0.99999999800000005656 0.00000000099999999999 
0.00000000100000000000 0.53219604688197030828 0.46780395211802960898 
0.49358205968354368354 0.39357677790606326873 0.11284116241039304773 
0.39247307335204040246 0.23509239633176051698 0.37243453031619910831 
0.50331222547228549047 0.49668777352771453781 0.00000000100000000000 
0.50772094636561215797 0.43789824848863040385 0.05438080514575733410 
0.60040513954914076500 0.00000000100000000000 0.39959485945085915226 
0.38735261548806321219 0.24678085227010379543 0.36586653224183302013 
0.43269508516056209846 0.41971163184333609708 0.14759328299610185997 
0.00000000099999999999 0.00000000099999999999 0.99999999800000005656 
0.53037841013798026069 0.31043423684826110254 0.15918735301375860902 
0.99999999799999994554 0.00000000099999999999 0.00000000099999999999 
0.61747619561737232541 0.38252380338262764736 0.00000000100000000000 
0.46332939465767741805 0.44690504977028860933 0.08976555557203402813 
0.47667678022185500097 0.32119201001855490762 0.20213120975959000813 
0.57895911780221209764 0.42103646324035443049 0.00000441895743358264 
0.55054571814340713676 0.27243257979345048003 0.17702170206314246648 
0.36185652650308797185 0.29400720816004538571 0.34413626533686664244 
0.48473307996318959479 0.51526691903681032247 0.00000000100000000000 
0.32301868380019788107 0.44045891486044030927 0.23652240133936178190 
0.62822571362066481626 0.00000000100000000000 0.37177428537933532304 
0.00000000099999999999 0.00000000099999999999 0.99999999799999994554 
0.00000000100000000000 0.44813091301881657902 0.55186908598118344926 
0.00000000099999999999 0.00000000099999999999 0.99999999799999994554 
0.43603977233936069835 0.56396022666063916340 0.00000000100000000000 
0.00000000100000000000 0.39287433559945988959 0.60712566340054008318 
0.39082314248517607824 0.45009002409306725356 0.15908683342175666819 
0.55362067582371288221 0.44637932317628714607 0.00000000100000000000 
0.49238457056810885915 0.37061372723791469186 0.13700170219397647675 
0.00000000099999999999 0.99999999799999994554 0.00000000099999999999 
0.57502801056750174613 0.28519042519666548685 0.13978156423583276702 
0.47513187493273739692 0.39678535885761634372 0.12808276620964625936 
0.99999999800000005656 0.00000000099999999999 0.00000000099999999999 
0.59637267279873729109 0.40362732620126262617 0.00000000100000000000 
0.00000000099999999999 0.99999999799999994554 0.00000000099999999999 
0.52170692860404777047 0.47828531147319669481 0.00000775992275543968 
0.43357886577229665104 0.44138091641473964355 0.12504021781296370541 
0.49310489554677139346 0.00000000100000000000 0.50689510345322852380 
0.52200347815942338414 0.47799652084057664414 0.00000000100000000000 
0.33381094694773660869 0.31984074771046544505 0.34634830534179789074 
0.35914424184118942662 0.31827097243782243030 0.32258478572098825410 
0.99999999799999994554 0.00000000099999999999 0.00000000099999999999 
0.35598650483990273985 0.19954783506787013292 0.44446566009222715499 
0.00000000099999999999 0.00000000099999999999 0.99999999799999994554 
0.00000000099999999999 0.00000000099999999999 0.99999999800000005656 
0.48494406188512406697 0.51505593711487596131 0.00000000100000000000 
0.55514779742276509911 0.44485220157723481815 0.00000000100000000000 
0.52101496712777217724 0.47898328762376674028 0.00000174524846105183 
0.47495621277135402494 0.33436882405216389325 0.19067496317648208182 
0.48823108607860044028 0.00000000100000000000 0.51176891292139958800 
0.37743043632443468161 0.18945383372584823078 0.43311572994971719863 
0.57119527713918083478 0.42880472186081913799 0.00000000100000000000 
0.49595954019337806784 0.34427066466631361941 0.15976979514030834051 
0.26141000957330529086 0.35008224430832496354 0.38850774611836974559 
0.59130730447894952473 0.00000000100000000000 0.40869269452105061458 
0.52006847839275527345 0.47993152060724475483 0.00000000100000000000 
0.00000000099999999999 0.00000000099999999999 0.99999999800000005656 
0.33261554488334127422 0.29041369999138000324 0.37697075512527866703 
0.99999999800000005656 0.00000000099999999999 0.00000000099999999999 
0.41702405751139082213 0.46752385473464036503 0.11545208775396874346 
0.00000000100000000000 0.99999999800000005656 0.00000000100000000000 
0.52115773846362611899 0.35354311567642487946 0.12529914585994905707 
0.54313131317699958611 0.00000000100000000000 0.45686868582300038666 
0.00000000099999999999 0.99999999800000005656 0.00000000099999999999 
0.33134750442014493377 0.31982772245349982976 0.34882477312635523647 
0.00000000099999999999 0.99999999800000005656 0.00000000099999999999 
0.00000000100000000000 0.37256612134887162613 0.62743387765112834664 
0.53795860133114026258 0.45397438484605612263 0.00806701382280360091 
0.00000000099999999999 0.00000000099999999999 0.99999999800000005656 
0.37168060898347021759 0.43746521396335596998 0.19085417705317392345 
0.44589128912756442746 0.38225437351542318476 0.17185433735701236002 
0.44966307375203090624 0.40450714490027173120 0.14582978134769736256 
0.37451190437957976309 0.18617612073527722849 0.43931197488514300842 
0.00000000099999999999 0.99999999800000005656 0.00000000099999999999 
0.00000000100000000000 0.36212073590052235028 0.63787926309947762249 
0.99999999799999994554 0.00000000099999999999 0.00000000099999999999 
0.00000000099999999999 0.99999999800000005656 0.00000000099999999999 
0.49407016546826587611 0.39830870138635876554 0.10762113314537544162 
0.47892010438596616106 0.46714492306098420737 0.05393497255304968013 
0.00000000099999999999 0.00000000099999999999 0.99999999800000005656 
0.52707470024228808558 0.41068004411251801677 0.06224525564519377968 
0.38528297798482874503 0.50108716340374825915 0.11362985861142292643 
0.37984095427909470022 0.37783055078497068680 0.24232849493593450196 
0.55633539435105106019 0.44366460464894896809 0.00000000100000000000 
0.99999999800000005656 0.00000000099999999999 0.00000000099999999999 
0.69493231949636491418 0.00000000100000000000 0.30506767950363522512 
0.99999999799999994554 0.00000000099999999999 0.00000000099999999999 
0.54664867745501888319 0.31282515619451994882 0.14052616635046111249 
0.51537745824629355162 0.48462254075370636563 0.00000000100000000000 
0.52420058595420548908 0.32784670881513466867 0.14795270523065992552 
0.44353597355867269147 0.47724172269847159322 0.07922230374285564591 
