0.46006967742193966009 0.19639311931641587061 0.34353720326164444154 
0.40694486627431447623 0.27105311710076868126 0.32200201662491678700 
0.00000000099999999999 0.99999999799999994554 0.00000000099999999999 
0.00000000099999999999 0.99999999799999994554 0.00000000099999999999 
0.45210280544433067984 0.54785611859439198312 0.00004107596127737204 
0.38383821592607964002 0.38411064815868284361 0.23205113591523746086 
0.33244417573242673880 0.31495781111615728243 0.35259801315141592326 
0.56470376874146654966 0.00000000100000000000 0.43529623025853342311 
0.38872694444472061237 0.22862589728815885248 0.38264715826712047964 
0.56976577702616160170 0.00000000100000000000 0.43023422197383826004 
0.00000000099999999999 0.00000000099999999999 0.99999999799999994554 
0.62335112786979629540 0.00000000100000000000 0.37664887113020373288 
0.59811045712544486097 0.00000000100000000000 0.40188954187455516731 
0.35824336716780147416 0.32742656693871380336 0.31433006589348461146 
0.00000000099999999999 0.00000000099999999999 0.99999999800000005656 
0.57408020886835786634 0.00000000100000000000 0.42591979013164221746 
0.57592747825709678100 0.42407252074290313626 0.00000000100000000000 
0.00000000099999999999 0.00000000099999999999 0.99999999800000005656 
0.00000000099999999999 0.99999999800000005656 0.00000000099999999999 
0.37798621297195011959 0.24128264479966135547 0.38073114222838855270 
0.00000000100000000000 0.39080460705252323406 0.60919539194747673871 
0.35328381043261297689 0.34706093432110346475 0.29965525524628355836 
0.00000000099999999999 0.99999999799999994554 0.00000000099999999999 
0.36178421921370862435 0.28146486141470172804 0.35675091937158975863 
0.00000000099999999999 0.00000000099999999999 0.99999999800000005656 
0.37599433763321316038 0.31139938731718452836 0.31260627504960225576 
0.00000000099999999999 0.99999999800000005656 0.00000000099999999999 
0.99999999800000005656 0.00000000099999999999 0.00000000099999999999 
0.45927643193492440066 0.23573398665530237439 0.30498958140977322495 
0.52025992295357226247 0.00279951020523945505 0.47694056684118824041 
0.38296528271015395362 0.34395852035519347556 0.27307619693465262634 
0.42997497525264360974 0.22162208979378764107 0.34840293495356877695 
0.39953973545887216945 0.33804681032173616861 0.26241345421939166194 
0.64340155968294399091 0.00000000100000000000 0.35659843931705598186 
0.99999999800000005656 0.00000000099999999999 0.00000000099999999999 
0.61702208846702610856 0.38297791053297386421 0.00000000100000000000 
0.40985539884629507146 0.59014460015370484580 0.00000000100000000000 
0.45091379433707662328 0.18818377608427366843 0.36090242957864976381 
0.33268036309842269338 0.33893483920464656522 0.32838479769693074140 
0.99999999800000005656 0.00000000099999999999 0.00000000099999999999 
0.00000000099999999999 0.00000000099999999999 0.99999999800000005656 
0.34422673897422145783 0.26436816472691521129 0.39140509629886338638 
0.38310318160905820761 0.32012653522841882925 0.29677028316252296314 
0.35842967254823587808 0.35762372692612082181 0.28394660052564324459 
0.00000000099999999999 0.00000000099999999999 0.99999999800000005656 
0.31580989376902679489 0.35679765589631451395 0.32739245033465874668 
0.47404472077479309355 0.15145998397337279151 0.37449529525183411494 
0.99999999799999994554 0.00000000099999999999 0.00000000099999999999 
0.56300530017931416094 0.00000000100000000000 0.43699469882068592286 
0.46485185537725792759 0.22683454189465557249 0.30831360272808649992 
0.31530799821723021203 0.36723709840997381670 0.31745490337279597126 
0.38678774947881666701 0.29615960255596218698 0.31705264796522109050 
0.52845978709451257860 0.22907165840997301132 0.24246855449551443784 
0.00000000099999999999 0.99999999799999994554 0.00000000099999999999 
0.47624276650122149279 0.14176206289806186911 0.38199517060071663810 
0.99999999800000005656 0.00000000099999999999 0.00000000099999999999 
0.38331888874785696730 0.26700299404287869409 0.34967811720926444963 
0.00000000100000000000 0.99999999799999994554 0.00000000100000000000 
0.43479920141464839523 0.15652621240971628658 0.40867458617563523493 
0.48338095212572307346 0.21555200978548688662 0.30106703808879003992 
0.39090353834189900395 0.30137863470078291028 0.30771782695731797475 
0.36093965779893882884 0.38346014344848200484 0.25560019875257922184 
0.57921716416230117908 0.00000000100000000000 0.42078283483769884921 
0.39664659799510276761 0.36238611780534379925 0.24096728419955340539 
0.65000322101313889878 0.00000000100000000000 0.34999677798686112951 
0.44382327785040054380 0.13041787787829176026 0.42575884427130772369 
0.27957954645064447829 0.44788385237691930030 0.27253660117243627692 
0.44484893078783183107 0.21659760968438299122 0.33855345952778520546 
0.44224226072415223632 0.16259266129015645386 0.39516507798569128207 
0.46812006343341117098 0.20045085770580567397 0.33142907886078321056 
0.40851927167663226736 0.23056112850993973340 0.36091959981342797148 
0.56519289149809548434 0.00000000100000000000 0.43480710750190448843 
0.31307000995836387069 0.43750796983675899199 0.24942202020487713732 
0.50006109038390489374 0.15988875324294626878 0.34005015637314878196 
0.00000000099999999999 0.99999999799999994554 0.00000000099999999999 
0.43928512500943667218 0.18975640354319814329 0.37095847144736526779 
0.00000000099999999999 0.00000000099999999999 0.99999999800000005656 
0.00000000100000000000 0.51568575703184726944 0.48431424196815270333 
0.52783880118800496906 0.21310308312217926541 0.25905811568981579329 
0.00000000100000000000 0.48011075387017182470 0.51988924512982825910 
0.00000000100000000000 0.48513260990464640576 0.51486738909535356701 
0.99999999799999994554 0.00000000099999999999 0.00000000099999999999 
0.47096730460429364618 0.52903269439570621557 0.00000000100000000000 
0.48449609180003350151 0.12996504087364096902 0.38553886732632558498 
0.44344579323461374987 0.55655420576538627842 0.00000000100000000000 
0.00000000099999999999 0.00000000099999999999 0.99999999799999994554 
0.37189891183734336000 0.28997216237168266240 0.33812892579097392209 
0.99999999799999994554 0.00000000099999999999 0.00000000099999999999 
0.00000000100000000000 0.55878967901661724671 0.44121031998338272606 
0.31049639002589768388 0.32631481997109196280 0.36318879000301035331 
0.00000000100000000000 0.55194349759778194020 0.44805650140221825461 
0.32901133529607345940 0.41238932130697841805 0.25859934339694812255 
0.41391710976757334350 0.20621502713013944996 0.37986786310228715102 
0.60897530511201736214 0.39102469388798261063 0.00000000100000000000 
0.28817231675441129513 0.39319281960033047874 0.31863486364525822614 
0.43313006838538575805 0.56686993061461421473 0.00000000100000000000 
0.36344054376408951867 0.31729579067103313994 0.31926366556487739690 
0.00000000099999999999 0.99999999799999994554 0.00000000099999999999 
0.43007977434429250918 0.20935617131327752261 0.36056405434242994046 
0.00000000100000000000 0.63909928615971867139 0.36090071284028130139 
0.29947691705997264711 0.39331915303837339248 0.30720392990165407143 
0.48713481958186544141 0.12240288172988555981 0.39046229868824899878 
0.38156425288988154998 0.29570611359218479386 0.32272963351793354514 
0.38546873817024857045 0.30061579497267865158 0.31391546685707277797 
0.31677744466132212731 0.41244689221969965676 0.27077566311897821594 
0.44079438547171295726 0.20588553669510226141 0.35332007783318492011 
0.50299487220188210390 0.00000000100000000000 0.49700512679811797989 
0.24109458924433893601 0.49468321212907695461 0.26422219862658424816 
0.99999999800000005656 0.00000000099999999999 0.00000000099999999999 
0.00000000099999999999 0.00000000099999999999 0.99999999799999994554 
0.31264433198333224651 0.46233655378510707390 0.22501911423156065184 
0.44894780012580587369 0.18894543593551571536 0.36210676393867841094 
0.34693985538622801323 0.26903420369994718309 0.38402594091382485919 
0.57722103842900873705 0.00008191263379771362 0.42269704893719350913 
0.38710464254204496326 0.18709227776728853954 0.42580307969066649720 
0.00000000099999999999 0.99999999799999994554 0.00000000099999999999 
0.59579722800518630788 0.40420277099481366490 0.00000000100000000000 
0.37655104969473340848 0.34106262987863150693 0.28238632042663508459 
0.31802492181640512614 0.34540130683144648627 0.33657377135214827657 
0.99999999800000005656 0.00000000099999999999 0.00000000099999999999 
0.43813263938348712134 0.19304100789130160254 0.36882635272521124836 
0.31111246777826911947 0.40172002919904875595 0.28716750302268212458 
0.38269526052445895781 0.31167275889388468268 0.30563198058165630400 
0.28447272890396929634 0.46584624089619264264 0.24968103019983794999 
0.57126858337423980227 0.42873141562576017050 0.00000000100000000000 
0.00000000099999999999 0.00000000099999999999 0.99999999800000005656 
0.00000000100000000000 0.46919746212429674914 0.53080253687570322363 
0.00000000099999999999 0.00000000099999999999 0.99999999799999994554 
0.54545094764064649961 0.00000000100000000000 0.45454905135935341765 
0.32121357064544725501 0.27915995023151213283 0.39962647912304050113 
0.52021990920813754311 0.20224891984649476240 0.27753117094536761122 
0.33813881550818658539 0.35355414681761637707 0.30830703767419703754 
0.34221196730688052678 0.32913631075650207070 0.32865172193661740252 
0.99999999800000005656 0.00000000099999999999 0.00000000099999999999 
0.67924205768757994761 0.32075794131241996965 0.00000000100000000000 
0.43255108748371851046 0.23598358331946536759 0.33146532919681603868 
0.52293214165270851534 0.00000000100000000000 0.47706785734729156845 
0.47622028722959203195 0.20823728734297738963 0.31554242542743055067 
0.99999999800000005656 0.00000000099999999999 0.00000000099999999999 
0.54335244732480159069 0.00000000100000000000 0.45664755167519838208 
0.33881415538367304352 0.37641601461993107192 0.28476982999639594007 
0.37865986387600653051 0.35715832820459170183 0.26418180791940176766 
0.44213050911624657280 0.23872765205622042961 0.31914183882753305310 
0.99999999800000005656 0.00000000099999999999 0.00000000099999999999 
0.38220431086780692898 0.61779568813219309931 0.00000000100000000000 
0.99999999799999994554 0.00000000099999999999 0.00000000099999999999 
0.00000000099999999999 0.99999999799999994554 0.00000000099999999999 
0.46799331370371927141 0.24824664429011961131 0.28376004200616100626 
0.43010629534836530841 0.22878530794451815145 0.34110839670711656790 
0.34571793510000009553 0.31218319177348735627 0.34209887312651254820 
0.33765518028881141843 0.32099636510960105618 0.34134845460158741437 
0.24891749724367387420 0.46642411358151120160 0.28465838917481495196 
0.00000000100000000000 0.46959999245928313316 0.53040000654071683961 
0.35387052545258002034 0.30518713330699093200 0.34094234124042915868 
0.36635433120307048238 0.32045785038380730780 0.31318781841312220982 
0.36813906571634252840 0.34056227457299353967 0.29129865971066387642 
0.59516080438039598022 0.00000000100000000000 0.40483919461960415909 
0.20228500427190299060 0.50887433318888952716 0.28884066253920748224 
0.99999999799999994554 0.00000000099999999999 0.00000000099999999999 
0.44390548327538581486 0.13396738406242778008 0.42212713266218632180 
0.53664683801987800305 0.00000000100000000000 0.46335316098012208075 
0.00000000100000000000 0.99999999799999994554 0.00000000100000000000 
0.00000000099999999999 0.99999999799999994554 0.00000000099999999999 
0.28261392147117125884 0.41723597557701858074 0.30015010295181027145 
0.00000000099999999999 0.00000000099999999999 0.99999999799999994554 
0.54205393134106782949 0.00021907214454870285 0.45772699651438342183 
0.43646230695007298683 0.18355819940211764996 0.37997949364780941872 
0.00000000099999999999 0.99999999800000005656 0.00000000099999999999 
0.57555286079549516920 0.00000000100000000000 0.42444713820450474806 
0.37612736845370620120 0.33049484845960030999 0.29337778308669348881 
0.99999999799999994554 0.00000000099999999999 0.00000000099999999999 
0.00000000099999999999 0.99999999800000005656 0.00000000099999999999 
0.99999999800000005656 0.00000000099999999999 0.00000000099999999999 
0.37260683802363125938 0.37516376247852573078 0.25222939949784300984 
0.59895779296935880431 0.00000000100000000000 0.40104220603064127948 
0.00000000099999999999 0.00000000099999999999 0.99999999800000005656 
0.00000000099999999999 0.99999999800000005656 0.00000000099999999999 
0.39597803034301970460 0.24017695243573916608 0.36384501722124112932 
0.32850726546389014127 0.26127843270770073625 0.41021430182840917800 
0.44510495037615455116 0.19274719169132698005 0.36214785793251846879 
0.34913034371387818844 0.33560186552031867624 0.31526779076580319083 
0.32648364949330227480 0.29764495940468738144 0.37587139110201045478 
0.45261339175066728213 0.16152822453871398811 0.38585838371061870200 
0.43117324743365814665 0.21808109191147176387 0.35074566065487017275 
0.58671272039169330981 0.00000147327995117778 0.41328580632835559827 
0.00000000099999999999 0.00000000099999999999 0.99999999800000005656 
0.00000000099999999999 0.00000000099999999999 0.99999999799999994554 
0.32832823941607375273 0.31375527750737497445 0.35791648307655121730 
0.00000000099999999999 0.00000000099999999999 0.99999999799999994554 
0.54373852400430744414 0.00000000100000000000 0.45626147499569258414 
0.00000000099999999999 0.99999999800000005656 0.00000000099999999999 
0.00000000099999999999 0.00000000099999999999 0.99999999800000005656 
