0.43179538053493710104 0.56820461846506276071 0.00000000100000000000 
0.43743756636382424841 0.00000000100000000000 0.56256243263617566885 
0.31173379158151021118 0.29742984944201167341 0.39083635897647811541 
0.00000000099999999999 0.00000000099999999999 0.99999999800000005656 
0.30753830172010937494 0.39837360203421579019 0.29408809624567489038 
0.00000000099999999999 0.00000000099999999999 0.99999999800000005656 
0.33057424160794884882 0.34761510836951914349 0.32181065002253211871 
0.29396572296024880977 0.51104489769510907937 0.19498937934464216637 
0.37822190840222125185 0.31605336033964603892 0.30572473125813270922 
0.30434916079650875531 0.46649117206186818674 0.22915966714162300244 
0.28607701724648726405 0.41867577335155942153 0.29524720940195325891 
0.30481813934345203254 0.43810624270521281165 0.25707561795133526683 
0.28897983988746356321 0.42445910295239114296 0.28656105716014529383 
0.30421815568484761316 0.34988905975260375936 0.34589278456254862748 
0.38621080556525205774 0.61378919343474780401 0.00000000100000000000 
0.00000000099999999999 0.99999999799999994554 0.00000000099999999999 
0.20911188837551392128 0.33559350518801950303 0.45529460643646663121 
0.00000000099999999999 0.00000000099999999999 0.99999999800000005656 
0.29917180644833679670 0.27103982686067051855 0.42978836669099262924 
0.58175614478789960948 0.00000000100000000000 0.41824385421210047431 
0.33954880908110429694 0.33266176325177904127 0.32778942766711660628 
0.34404998085293131416 0.34379601539127008225 0.31215400375579865910 
0.31356106768261260420 0.38471548421529050410 0.30172344810209689170 
0.00000000099999999999 0.00000000099999999999 0.99999999799999994554 
0.29229560697921758150 0.42271089238110765018 0.28499350063967482383 
0.35587167480679771092 0.32248023150002796955 0.32164809369317426402 
0.34419756389203270963 0.37264115341084369515 0.28316128269712359522 
0.31079947956126441344 0.40138330835373964289 0.28781721208499605469 
0.00000000099999999999 0.00000000099999999999 0.99999999799999994554 
0.00000000100000000000 0.67345925608849499522 0.32654074291150508857 
0.39617444580095351192 0.30773478443489510337 0.29609076976415132920 
0.47833777465654309102 0.34932826577303294213 0.17233395957042399460 
0.29033566502792435005 0.30318132412272308374 0.40648301084935251071 
0.28731707977550396960 0.45336551045579437380 0.25931740976870160109 
0.34407511804406154532 0.65592488095593826092 0.00000000100000000000 
0.00000000099999999999 0.99999999799999994554 0.00000000099999999999 
0.38707032813217573386 0.25973387043342271996 0.35319580143440160169 
0.31306035681162291961 0.40535808113052745894 0.28158156205784967696 
0.00000000099999999999 0.00000000099999999999 0.99999999799999994554 
0.25410826130586339211 0.53853549928710131578 0.20735623940703531987 
0.27289644083472042180 0.32194592210868289150 0.40515763705659668670 
0.46615815549745082125 0.53384108902474769476 0.00000075547780137565 
0.27299473235368737489 0.41370231843571120267 0.31330294921060142244 
0.31418258407634502838 0.33708015278354824806 0.34873726314010672356 
0.29883250853900800159 0.38708711591583316869 0.31408037554515882972 
0.43852530237440845440 0.00000000100000000000 0.56147469662559146286 
0.39417679858442827845 0.60582320041557158330 0.00000000100000000000 
0.00000000099999999999 0.99999999800000005656 0.00000000099999999999 
0.00000000100000000000 0.66373607142324630992 0.33626392757675366285 
0.49204895567247020072 0.00000000100000000000 0.50795104332752982756 
0.37545015938406800515 0.29384132327752615632 0.33070851733840572750 
0.36058999741932545868 0.34074776470132062123 0.29866223787935392009 
0.28422896436713679380 0.39316134397621121943 0.32260969165665209779 
0.00000000100000000000 0.54311908931313090942 0.45688090968686922988 
0.36675424668494366331 0.37717392567039625950 0.25607182764466013269 
0.00000000099999999999 0.99999999800000005656 0.00000000099999999999 
0.99999999800000005656 0.00000000099999999999 0.00000000099999999999 
0.00000000100000000000 0.99999999800000005656 0.00000000100000000000 
0.32347580800717806726 0.54754906479259668473 0.12897512720022524801 
0.24830616011267880872 0.50027996885963499363 0.25141387102768625317 
0.00000000099999999999 0.00000000099999999999 0.99999999799999994554 
0.23651045475167914445 0.31934117835750897019 0.44414836689081182985 
0.32245593251705734206 0.49796183927961346072 0.17958222820332919722 
0.99999999799999994554 0.00000000099999999999 0.00000000099999999999 
0.51381166522868471080 0.48618833377131531748 0.00000000100000000000 
0.00000000100000000000 0.60539694653231235222 0.39460305246768762055 
0.37707977054844948883 0.25136502363648038916 0.37155520581507012201 
0.23260324508375435082 0.44719908362682170289 0.32019767128942394629 
0.37888560984064567627 0.62111438915935424099 0.00000000100000000000 
0.00000000099999999999 0.00000000099999999999 0.99999999799999994554 
0.38900432155411013291 0.35638652870598369615 0.25460914973990617094 
0.00000000099999999999 0.99999999799999994554 0.00000000099999999999 
0.36017221670361621033 0.25859758594830684064 0.38123019734807700454 
0.37829176464642272348 0.38345556906033306799 0.23825266629324412526 
0.32201380324381656539 0.38361269015924970294 0.29437350659693362065 
0.27532957270675428862 0.42369183105926017108 0.30097859623398559581 
0.34684784167557064505 0.29424826492378375331 0.35890389340064560164 
0.36069913626772809323 0.21229188556301897828 0.42700897816925292849 
0.24348337504142361643 0.51346083285209431768 0.24305579210648206590 
0.43192445321542743963 0.56807554423496209317 0.00000000254961035648 
0.26352952901775483774 0.41251912443885363491 0.32395134654339152736 
0.99999999800000005656 0.00000000099999999999 0.00000000099999999999 
0.44859271784399101790 0.55140728115600901038 0.00000000100000000000 
0.26035552602185130233 0.54829112536339619233 0.19135334861475253310 
0.99999999800000005656 0.00000000099999999999 0.00000000099999999999 
0.16521663207577561017 0.54548444767673842648 0.28929892024748599111 
0.31670763672622159746 0.30357559993215615934 0.37971676334162229871 
0.27039892999365605641 0.44971264606305189071 0.27988842394329199736 
0.27402119939060115561 0.35771213078598701474 0.36826666982341188517 
0.44668450643812712686 0.00000000100000000000 0.55331549256187273489 
0.34302185921492583942 0.30530544426476063924 0.35167269652031352134 
0.32230346377961038851 0.31474426497318336304 0.36295227124720635947 
0.47489253861251179423 0.52510746038748812303 0.00000000100000000000 
0.38370880013183028545 0.41226547160789461799 0.20402572826027509656 
0.27901990113762187296 0.40118983122766371796 0.31979026763471440908 
0.39130270602392264179 0.00000000100000000000 0.60869729297607744201 
0.00000000099999999999 0.99999999800000005656 0.00000000099999999999 
0.32611162781395658383 0.38550032343881024399 0.28838804874723317218 
0.00000000099999999999 0.99999999799999994554 0.00000000099999999999 
0.99999999799999994554 0.00000000099999999999 0.00000000099999999999 
0.99999999799999994554 0.00000000099999999999 0.00000000099999999999 
0.00000000100000000000 0.62710685237485075394 0.37289314662514938536 
0.31041475546501112737 0.36054778247327556873 0.32903746206171324840 
0.35512993239907603149 0.30922607212604857896 0.33564399547487533404 
0.31163442844881494853 0.37420154805846000956 0.31416402349272509742 
0.99999999799999994554 0.00000000099999999999 0.00000000099999999999 
0.00000000099999999999 0.00000000099999999999 0.99999999799999994554 
0.34657790256584519728 0.24549539761622254930 0.40792669981793217016 
0.99999999800000005656 0.00000000099999999999 0.00000000099999999999 
0.99999999800000005656 0.00000000099999999999 0.00000000099999999999 
0.40273498616414343809 0.19492783591003529087 0.40233717792582118777 
0.00000000099999999999 0.99999999800000005656 0.00000000099999999999 
0.33663998464015432166 0.39575700145016534659 0.26760301390968038726 
0.99999999800000005656 0.00000000099999999999 0.00000000099999999999 
0.32817507747248647609 0.47001005746216595327 0.20181486506534762615 
0.33904368829715081368 0.33777769798223566955 0.32317861372061346126 
0.34049734236973216994 0.39751125929056968511 0.26199139833969814495 
0.34138144151822374939 0.34173295955239502142 0.31688559892938122919 
0.31032723344981372193 0.33875925060350747797 0.35091351594667880009 
0.00000000099999999999 0.99999999800000005656 0.00000000099999999999 
0.00000000099999999999 0.99999999799999994554 0.00000000099999999999 
0.31843864751189371320 0.35483437986506788375 0.32672697262303829202 
0.01805111666034013573 0.43639722666556907127 0.54555165667409077912 
0.34563828683990555080 0.28321110803263460642 0.37115060512745995380 
0.99999999800000005656 0.00000000099999999999 0.00000000099999999999 
0.45468590571947292700 0.54531409328052704577 0.00000000100000000000 
0.00000000099999999999 0.99999999800000005656 0.00000000099999999999 
0.31925274798319491776 0.42919624523122501536 0.25155100678558001137 
0.37105923942561314099 0.39895279411804779324 0.22998796645633906577 
0.30671533490651498033 0.45169831383851005713 0.24158635125497490703 
0.00000000100000000000 0.65794890708831033077 0.34205109191168964200 
0.33037766243731325755 0.37732962092257193998 0.29229271664011480247 
0.33305421033977733458 0.38149900853049201199 0.28544678112973059791 
0.31821436259839730454 0.47828288012958319886 0.20350275727201944109 
0.24400258644866226754 0.38859221380477942942 0.36740519974655833080 
0.00000000099999999999 0.00000000099999999999 0.99999999799999994554 
0.41448157511256428220 0.58551842388743557954 0.00000000100000000000 
0.23382892039599206813 0.46504934071509074212 0.30112173888891724527 
0.43466059362853332049 0.00000000100000000000 0.56533940537146654126 
0.36541412795810751524 0.41675552992314962575 0.21783034211874274799 
0.43087680419051327396 0.00000000100000000000 0.56912319480948680983 
0.00000000099999999999 0.00000000099999999999 0.99999999800000005656 
0.38853539356622457390 0.35437170022066782904 0.25709290621310759706 
0.26379863494483279940 0.38022911151090749149 0.35597225354425976462 
0.37239734082578140884 0.00000000100000000000 0.62760265817421856394 
0.99999999799999994554 0.00000000099999999999 0.00000000099999999999 
0.31482096635222173164 0.43142797472032340389 0.25375105892745491998 
0.99999999799999994554 0.00000000099999999999 0.00000000099999999999 
0.00000000100000000000 0.53179809571231195786 0.46820190328768807042 
0.25991500739320527735 0.38970883538827261194 0.35037615721852205519 
0.35469644514459214291 0.34744672225222417161 0.29785683260318368548 
0.32700061436774402468 0.30302720758239937160 0.36997217804985665923 
0.35268007936237938393 0.37797378538841730489 0.26934613524920336669 
0.00000000099999999999 0.99999999800000005656 0.00000000099999999999 
0.34419710525477553720 0.30409008521277247628 0.35171280953245198653 
0.99999999799999994554 0.00000000099999999999 0.00000000099999999999 
0.44242242009656340684 0.55757757890343651042 0.00000000100000000000 
0.00000000099999999999 0.00000000099999999999 0.99999999799999994554 
0.24125401511708807756 0.41073429160838642593 0.34801169327452552427 
0.99999999799999994554 0.00000000099999999999 0.00000000099999999999 
0.29433360550924786425 0.45099257422471661361 0.25467382026603552214 
0.99999999799999994554 0.00000000100000000000 0.00000000100000000000 
0.33129210013362198062 0.41374714996719064164 0.25496074989918737774 
0.34885658670339853016 0.31722514548016539360 0.33391826781643596522 
0.29787246889924257065 0.43496300566970369506 0.26716452543105367878 
0.32601544482940064684 0.38747279174523152623 0.28651176342536782693 
0.36700049119209759985 0.63299950780790237292 0.00000000100000000000 
0.30739642079803353170 0.29666443195884867334 0.39593914724311779496 
0.45196817110611392510 0.54803182789388604768 0.00000000100000000000 
0.00000000100000000000 0.52542627274631814593 0.47457372625368177133 
0.00000000099999999999 0.99999999799999994554 0.00000000099999999999 
0.00000000099999999999 0.99999999800000005656 0.00000000099999999999 
0.43565977622050622298 0.56434022277949358326 0.00000000100000000000 
0.33992198543561136237 0.30002218821654363934 0.36005582634784494278 
0.40168336097567852727 0.43704999312546066736 0.16126664589886077761 
0.00000000099999999999 0.99999999800000005656 0.00000000099999999999 
0.36127330238051835742 0.28830981840246183712 0.35041687921701980546 
0.99999999800000005656 0.00000000099999999999 0.00000000099999999999 
0.31114822215366383373 0.48713708157646862240 0.20171469626986757162 
0.43523204193780129501 0.56476795706219862225 0.00000000100000000000 
0.99999999800000005656 0.00000000099999999999 0.00000000099999999999 
0.00000000099999999999 0.00000000099999999999 0.99999999800000005656 
0.34841486202569266206 0.46621795934460219524 0.18536717862970522597 
0.20357911479838985969 0.49273973509352714251 0.30368115010808305332 
0.47567440385432741001 0.52432559514567256276 0.00000000100000000000 
0.34056474865621583215 0.65943522225142769955 0.00000002909235637614 
0.00000000099999999999 0.99999999800000005656 0.00000000099999999999 
0.00000000099999999999 0.00000000099999999999 0.99999999799999994554 
0.30856331299160399961 0.31638608530065609470 0.37505060170773985018 
0.34099705057299339872 0.65900294842700657405 0.00000000100000000000 
0.28061295398029978410 0.39791480937057532863 0.32147223664912494279 
0.32411949641640463993 0.45688307959164620176 0.21899742399194910281 
