0.00020893472114917637 0.34160306264083101224 0.65818800263801979789 
0.20646493427173359669 0.36949343472664475385 0.42404163100162173272 
0.30381308713110938280 0.31845535550101816691 0.37773155736787245029 
0.36160403488499509583 0.40832268521536380090 0.23007327989964121429 
0.15086470295174245204 0.32808687725371488142 0.52104841979454274981 
0.29050661180872844325 0.31411820094512260537 0.39537518724614889587 
0.15324424448055037895 0.36469927100436283496 0.48205648451508686936 
0.00000000100000000000 0.41653814203563177543 0.58346185696436825285 
0.00000000099999999999 0.99999999800000005656 0.00000000099999999999 
0.00000000100000000000 0.33429079227874536340 0.66570920672125466488 
0.13103405691427541524 0.28729972392917407786 0.58166621915655047914 
0.00000000100000000000 0.43851483583158984425 0.56148516316841012852 
0.00000000099999999999 0.00000000099999999999 0.99999999800000005656 
0.42276952834410969073 0.19664651747649186664 0.38058395417939838712 
0.99999999800000005656 0.00000000099999999999 0.00000000099999999999 
0.00000000100000000000 0.36693339000213470724 0.63306660899786515451 
0.00000000099999999999 0.99999999799999994554 0.00000000099999999999 
0.00000000100000000000 0.48687426193333388502 0.51312573706666597673 
0.55068986273564834999 0.00000000100000000000 0.44931013626435167829 
0.00000000100000000000 0.41331715559954174122 0.58668284340045828706 
0.12045145609218492477 0.37317505526763167234 0.50637348864018338901 
0.45738899185782849743 0.00000000100000000000 0.54261100714217147534 
0.15989226414999652137 0.35207728837204443906 0.48803044747795903957 
0.29973537189649607226 0.23760947546720354029 0.46265515263630041520 
0.21872161298488743131 0.39937917316828475123 0.38189921384682778971 
0.08082797351037938893 0.38168909919975391176 0.53748292728986668543 
0.12555559930726509221 0.36174418668098823337 0.51270021401174670217 
0.18456377498537179793 0.34020724874939484161 0.47522897626523324943 
0.99999999800000005656 0.00000000099999999999 0.00000000099999999999 
0.16249591673317684282 0.37447082036790430015 0.46303326289891882928 
0.00000000100000000000 0.50484612506398074405 0.49515387393601928423 
0.00000000099999999999 0.00000000099999999999 0.99999999799999994554 
0.99999999800000005656 0.00000000099999999999 0.00000000099999999999 
0.00000521190231271128 0.46710329915759285502 0.53289148894009441548 
0.00000000100000000000 0.38221506338414984461 0.61778493561585012817 
0.00000000100000000000 0.00000000100000000000 0.99999999799999994554 
0.99999999799999994554 0.00000000099999999999 0.00000000099999999999 
0.24124919623056598206 0.25874059184092529362 0.50001021192850869657 
0.00023244722781916847 0.49871283379606845543 0.50105471897611242316 
0.09924050303480885793 0.34306589491959471605 0.55769360204559648153 
0.37877668410030779222 0.29606081228839020714 0.32516250361130200064 
0.01098847770286484268 0.38714877295876309882 0.60186274933837202727 
0.02118842797153095217 0.46253277220110727841 0.51627879982736168962 
0.33376574487391030832 0.27984083270946225053 0.38639342241662738564 
0.00000000100000000000 0.00000000100000000000 0.99999999800000005656 
0.16444115247188847984 0.40283403116739036065 0.43272481636072118727 
0.00000000100000000000 0.37242067486974161916 0.62757932413025840912 
0.00000000099999999999 0.99999999800000005656 0.00000000099999999999 
0.00000000099999999999 0.00000000099999999999 0.99999999799999994554 
0.08519723661072753362 0.37344967034574888531 0.54135309304352363657 
0.99999999799999994554 0.00000000099999999999 0.00000000099999999999 
0.31480401116212552992 0.26755129645386305226 0.41764469238401136231 
0.18453712358827181750 0.33937743373817502723 0.47608544267355312751 
0.64426142297905197864 0.35573857602094799413 0.00000000100000000000 
0.00000000099999999999 0.99999999800000005656 0.00000000099999999999 
0.27469275455629693639 0.00000000100000000000 0.72530724444370298087 
0.00000000100000000000 0.00000000100000000000 0.99999999799999994554 
0.72612697650649760117 0.27387302196199508897 0.00000000153150726009 
0.44657165808746002167 0.55341272849947986678 0.00001561341306010493 
0.00000000100000000000 0.38842698646398449158 0.61157301253601537017 
0.56710903683763413952 0.43289096216236577774 0.00000000100000000000 
0.99999999800000005656 0.00000000099999999999 0.00000000099999999999 
0.02696214511339234746 0.37027183799746360426 0.60276601688914410726 
0.00000000099999999999 0.99999999800000005656 0.00000000099999999999 
0.00000001528206770496 0.39584537575134304266 0.60415460896658923495 
0.00000000099999999999 0.00000000099999999999 0.99999999800000005656 
0.34898188238594102240 0.29290671957332548025 0.35811139804073349735 
0.35731173602224619579 0.27718682122422133585 0.36550144275353246837 
0.13857695469953754119 0.25287761510669304332 0.60854543019376949875 
0.00000000099999999999 0.99999999799999994554 0.00000000099999999999 
0.00000000099999999999 0.99999999799999994554 0.00000000099999999999 
0.00000000100000000000 0.00000000100000000000 0.99999999800000005656 
0.00000000099999999999 0.99999999799999994554 0.00000000099999999999 
0.11774468898085171942 0.41114675529743649474 0.47110855572171189687 
0.44199847452888185728 0.00000000100000000000 0.55800152447111817100 
0.00000000100000000000 0.00000000100000000000 0.99999999800000005656 
0.37464980231516664677 0.34618270564673025991 0.27916749203810309332 
0.16238716262921068512 0.45100921534289656334 0.38660362202789272379 
0.33938346422855469875 0.66061653477144521851 0.00000000100000000000 
0.00000000099999999999 0.00000000099999999999 0.99999999800000005656 
0.00000000100000000000 0.00000000100000000000 0.99999999800000005656 
0.00000000100000000000 0.47507786944320279376 0.52492212955679729003 
0.38368761746526258705 0.30002891809436921244 0.31628346444036814500 
0.00000000099999999999 0.00000000099999999999 0.99999999800000005656 
0.99999999800000005656 0.00000000099999999999 0.00000000099999999999 
0.00000000099999999999 0.99999999799999994554 0.00000000099999999999 
0.13459841637173375339 0.40195984208236684720 0.46344174154589939940 
0.00000000100000000000 0.41566884744369786420 0.58433115155630210857 
0.12924742512271003569 0.39993939754257917807 0.47081317733471078624 
0.07171706476349641590 0.41651084957206635506 0.51177208566443721516 
0.35032320484564249963 0.24725950430628385046 0.40241729084807370542 
0.31850950220976831373 0.30454432348157278732 0.37694617430865895447 
0.00000000099999999999 0.00000000099999999999 0.99999999800000005656 
0.00026622099852458442 0.40503081934565177136 0.59470295965582353759 
0.16566740857387138308 0.35698767881305676353 0.47734491261307182564 
0.54922438701118037052 0.45077561198881954674 0.00000000100000000000 
0.54164651212582015649 0.45835348687417981628 0.00000000100000000000 
0.36693907753259014104 0.33674367937659277494 0.29631724309081702851 
0.99999999800000005656 0.00000000099999999999 0.00000000099999999999 
0.37807225016879408841 0.34051179093857880664 0.28141595889262716046 
0.49624896020456737977 0.50375103879543259300 0.00000000100000000000 
0.19937234584139681970 0.29612666841621210212 0.50450098574239110594 
0.35312683461030552889 0.23265498244182045151 0.41421818294787415837 
0.07464536925094050757 0.47822555029339791632 0.44712908045566168713 
0.32338592744382532729 0.31150173608164732908 0.36511233647452734363 
0.00000000100000000000 0.42185443334806282945 0.57814556565193708781 
0.00018694961671018631 0.35813176815589931046 0.64168128222739062583 
0.33970124763061521067 0.33252617211799462282 0.32777258025139022202 
0.99999999799999994554 0.00000000099999999999 0.00000000099999999999 
0.00000000099999999999 0.99999999799999994554 0.00000000099999999999 
0.40725068812249304306 0.36872979116605464345 0.22401952071145225798 
0.00000151398446526832 0.44965479765984950333 0.55034368835568525657 
0.00071662234344449071 0.42931286375714822201 0.56997051389940722732 
0.00000000099999999999 0.00000000099999999999 0.99999999800000005656 
0.00000000099999999999 0.00000000099999999999 0.99999999799999994554 
0.14919287820443230541 0.38312729477841500625 0.46767982701715266058 
0.17507874777662335575 0.33604138096932423263 0.48887987125405235611 
0.14808360946588100537 0.39603274128608972893 0.45588364924802926570 
0.33370429782212024383 0.33721827802353604442 0.32907742415434376726 
0.00000016145929263981 0.42035273728652366998 0.57964710125418372755 
0.00000000099999999999 0.00000000099999999999 0.99999999800000005656 
0.29093906875080272068 0.31532632807060401170 0.39373460317859321211 
0.42362399735300854120 0.26490294465822056269 0.31147305798877078509 
0.49772515611053752549 0.50227484288946233626 0.00000000100000000000 
0.08753589598841161890 0.35730364206248149683 0.55516046194910684264 
0.10922844502929557331 0.28547007772596399988 0.60530147724474037130 
0.99999999799999994554 0.00000000099999999999 0.00000000099999999999 
0.18014816130890640156 0.29330496390535620854 0.52654687478573736215 
0.08856459058132848394 0.34618849902025261578 0.56524691039841890028 
0.00000057641009246650 0.38983965881722770774 0.61015976477267974687 
0.13238382016076652437 0.33245332132101029776 0.53516285851822309461 
0.00004546126183952155 0.37311779913007153686 0.62683673960808894421 
0.00004163925430825760 0.52060557959449338394 0.47935278115119833720 
0.00000000099999999999 0.99999999799999994554 0.00000000099999999999 
0.00000000099999999999 0.99999999800000005656 0.00000000099999999999 
0.47124760987114594490 0.52875238912885402787 0.00000000100000000000 
0.99999999799999994554 0.00000000099999999999 0.00000000099999999999 
0.00000000099999999999 0.00000000099999999999 0.99999999799999994554 
0.99999999800000005656 0.00000000099999999999 0.00000000099999999999 
0.00000000100000000000 0.43258082460980495920 0.56741917439019495806 
0.44091156646048385026 0.25508470899422386324 0.30400372454529217547 
0.99999999800000005656 0.00000000099999999999 0.00000000099999999999 
0.07190483485277808506 0.39999050648163003707 0.52810465866559186399 
0.34987252467925694654 0.35099285002722802052 0.29913462529351503294 
0.40375412087222289914 0.22362856939915329302 0.37261730972862378009 
0.99999999799999994554 0.00000000099999999999 0.00000000099999999999 
0.00000000099999999999 0.00000000099999999999 0.99999999800000005656 
0.00000000100000000000 0.00000000100000000000 0.99999999799999994554 
0.99999999800000005656 0.00000000099999999999 0.00000000099999999999 
0.15683095685120115870 0.33528418624291250749 0.50788485690588647259 
0.99999999800000005656 0.00000000099999999999 0.00000000099999999999 
0.38252514741002702214 0.26272196826025207006 0.35475288432972101882 
0.00000000099999999999 0.00000000099999999999 0.99999999800000005656 
0.00000000099999999999 0.99999999799999994554 0.00000000099999999999 
0.46003638024682502738 0.00002847413679468219 0.53993514561638022986 
0.40544286021013575816 0.00000001292974124496 0.59455712686012307522 
0.00000000099999999999 0.99999999799999994554 0.00000000099999999999 
0.49051899998684411752 0.50948099901315591076 0.00000000100000000000 
0.35351219515484216815 0.27085011780336926135 0.37563768704178851499 
0.00704738594620726508 0.36688703878765760447 0.62606557526613515474 
0.19204308953729667953 0.31709428917341264675 0.49086262128929081250 
0.00000000100000000000 0.00000003679637512684 0.99999996220362485921 
0.00000000100000000000 0.46704377563299265264 0.53295622336700732014 
0.39391859939935669477 0.16041606914763045788 0.44566533145301290286 
0.00001386780173233468 0.41877324322424952507 0.58121288897401823803 
0.39497691342807667025 0.20986831889445428656 0.39515476767746904319 
0.00029119079749130420 0.40862216245650534452 0.59108664674600341904 
0.40135093187272791182 0.28306197443143354953 0.31558709369583853865 
0.31182162146769615285 0.00000000100000000000 0.68817837753230381992 
0.33962918151206372697 0.25528631845527416377 0.40508450003266216477 
0.00000000099999999999 0.99999999800000005656 0.00000000099999999999 
0.24180999517775664254 0.25213892024828132854 0.50605108457396197341 
0.00000000099999999999 0.99999999799999994554 0.00000000099999999999 
0.55558584170730984653 0.44441415729269012624 0.00000000100000000000 
0.00000000100000000000 0.35454636421384239098 0.64545363478615769282 
0.41586165998061014326 0.25544011130804522569 0.32869822871134463105 
0.00000000100000000000 0.00000000100000000000 0.99999999799999994554 
0.00000000100000000000 0.35076306610135343789 0.64923693289864659040 
0.00000000100000000000 0.39101417620359896210 0.60898582279640101067 
0.20231124194052496623 0.27494256879169864938 0.52274618926777638439 
0.37855791821508549821 0.24396034980730033070 0.37748173197761414333 
0.00000000100000000000 0.35379330159779298626 0.64620669740220704202 
0.11526754565364064065 0.33371483610045071799 0.55101761824590855809 
0.19302310828878188609 0.32143119398410008314 0.48554569772711791975 
0.00000000100000000000 0.44864892254708743646 0.55135107645291248080 
0.15260055014733675538 0.33459411111203640754 0.51280533874062672606 
0.00000000099999999999 0.00000000099999999999 0.99999999799999994554 
0.00000000099999999999 0.99999999799999994554 0.00000000099999999999 
0.00000000099999999999 0.99999999799999994554 0.00000000099999999999 
0.00000000100000000000 0.36897459572491297930 0.63102540327508716000 
0.00000000100000000000 0.00000000100000000000 0.99999999800000005656 
0.06955927222069639704 0.38208966078838429992 0.54835106699091928917 
