1.0157572 -0.0091255 -0.0253143 -0.0272590 -0.0091911 -0.0240816 -0.0077985 0.0112830 -0.0053477 0.0079750 -0.0038987 0.0129481 0.0096590 0.0087621 0.0083863 0.0034738 -0.0244283 -0.0235053 -0.0276422 -0.0045776 -0.0102567 0.0081058 -0.0030560 0.0080592 -0.0079133 -0.0080986 -0.0029508 0.0048608 0.0073883 0.0120240 -0.0071562 -0.0015369 0.0082635 0.0044661 0.0119064 -0.0039127 -0.0076141 0.0047126 -0.0213041 0.0067155 -0.0094822 -0.0007395 -0.0134441 -0.0128144 -0.0057280 -0.0164318 0.0109111 0.0096983 0.0131483 0.0001323 -0.0072726 0.0039655 0.0050665 -0.0057836 0.0106211 0.0093048 -0.0048158 -0.0004808 0.0090237 0.0083758 0.0018518 -0.0004618 0.0112876 -0.0119617 0.0078970 0.0057076 -0.0240895 0.0085793 0.0112757 -0.0007491 -0.0049048 0.0118684 -0.0254126 0.0096066 0.0035700 0.0002529 -0.0090907 -0.0262624 -0.0027802 0.0085698 -0.0182696 -0.0085928 -0.0108201 0.0117858 -0.0042819 0.0037618 -0.0109214 0.0091127 -0.0249306 -0.0213672 -0.0094806 -0.0175071 -0.0002214 -0.0022203 -0.0061154 -0.0269147 -0.0102310 -0.0131379 -0.0037259 -0.0118314 -0.0177618 0.0051365 0.0057629 -0.0150934 -0.0197557 -0.0014289 0.0114213 -0.0273376 0.0018888 -0.0077436 -0.0271263 -0.0043303 -0.0089033 0.0122336 0.0110854 -0.0197642 -0.0072644 -0.0186473 -0.0146769 0.0126855 0.0105035 -0.0057307 -0.0078270 -0.0226611 -0.0014034 0.0120520 0.0055390 0.0088613 0.0107628 -0.0059955 0.0096547 -0.0161248 -0.0191264 0.0041771 -0.0206194 0.0091830 0.0019367 0.0058923 -0.0271911 -0.0007362 0.0006034 -0.0051100 -0.0023177 -0.0094841 -0.0039040 0.0043005 0.0117274 -0.0002966 -0.0040715 -0.0081176 0.0068620 -0.0107794 -0.0087434 -0.0171912 -0.0012108 -0.0077312 0.0095417 -0.0227262 0.0040100 0.0077179 0.0117996 0.0036539 -0.0052648 0.0020248 -0.0010054 0.0071036 0.0117593 -0.0114960 0.0077202 0.0035022 0.0110795 0.0090515 -0.0041029 -0.0084718 0.0137622 -0.0041410 -0.0232634 0.0087716 -0.0019203 0.0066789 -0.0110307 -0.0001256 0.0092898 0.0070286 -0.0038599 0.0083706 0.0104796 -0.0255501 -0.0219528 0.0089432 -0.0043645 0.0103602
-0.0091255 1.0148890 0.0076783 0.0103227 -0.0024581 0.0084037 -0.0007941 -0.0068796 -0.0012658 -0.0064909 0.0004524 -0.0089769 -0.0085756 -0.0070085 -0.0061404 -0.0056285 0.0096235 0.0078349 0.0110629 -0.0012011 -0.0015193 -0.0092589 -0.0024762 -0.0071209 0.0020247 0.0016513 0.0016090 -0.0076902 -0.0079285 -0.0083537 0.0009696 -0.0023253 -0.0053888 -0.0061147 -0.0073941 -0.0015501 0.0009615 -0.0071326 0.0069166 -0.0065419 0.0008105 -0.0021384 0.0012858 0.0044479 -0.0031588 0.0058747 -0.0099151 -0.0087402 -0.0110263 -0.0044329 0.0025007 -0.0068411 -0.0067538 0.0004900 -0.0089686 -0.0097511 -0.0011376 -0.0003080 -0.0079557 -0.0066218 -0.0036076 -0.0030002 -0.0097101 0.0019883 -0.0058039 -0.0074244 0.0081639 -0.0091797 -0.0086255 -0.0022269 -0.0019254 -0.0108247 0.0103914 -0.0078671 -0.0060432 -0.0021573 0.0001728 0.0094528 -0.0014745 -0.0072560 0.0024029 0.0031947 0.0025014 -0.0094306 -0.0016403 -0.0058047 0.0022096 -0.0069331 0.0078634 0.0068491 -0.0010030 0.0054122 -0.0025938 -0.0023745 -0.0008017 0.0094082 0.0000870 0.0010082 -0.0023840 0.0017893 0.0045037 -0.0055556 -0.0071099 0.0041146 0.0059322 -0.0035344 -0.0082077 0.0088922 -0.0057203 0.0016199 0.0088762 -0.0008115 0.0000281 -0.0072651 -0.0081171 0.0053003 0.0007487 0.0052025 -0.0003283 -0.0091227 -0.0088449 -0.0021904 0.0020686 0.0058520 -0.0034191 -0.0104635 -0.0074671 -0.0104960 -0.0077943 -0.0013096 -0.0079488 0.0048309 0.0058748 -0.0058219 0.0086097 -0.0094925 -0.0042345 -0.0070813 0.0106131 -0.0020730 -0.0041417 -0.0003764 -0.0011229 0.0019608 -0.0015498 -0.0064568 -0.0072567 -0.0024661 -0.0022079 -0.0003497 -0.0071266 0.0015959 0.0016424 0.0062458 -0.0044993 0.0020163 -0.0087068 0.0097595 -0.0063004 -0.0081020 -0.0079821 -0.0023689 -0.0024143 -0.0049092 -0.0005562 -0.0083687 -0.0092727 0.0000086 -0.0074800 -0.0062892 -0.0092952 -0.0089261 -0.0028549 -0.0007724 -0.0082977 -0.0021003 0.0087882 -0.0078088 -0.0034081 -0.0069681 0.0029831 -0.0039738 -0.0093970 -0.0081104 -0.0008067 -0.0081552 -0.0091496 0.0104095 0.0083013 -0.0081188 -0.0015490 -0.0079930
-0.0253143 0.0076783 1.0532081 0.0566381 0.0069647 0.0467374 0.0099191 -0.0316318 0.0013506 -0.0264454 0.0040369 -0.0361659 -0.0312137 -0.0284992 -0.0273920 -0.0133778 0.0538616 0.0471545 0.0576479 -0.0010654 0.0109896 -0.0295042 -0.0040981 -0.0276541 0.0149204 0.0155704 0.0066437 -0.0275757 -0.0259870 -0.0327720 0.0105667 -0.0059734 -0.0263399 -0.0213059 -0.0315634 0.0043673 0.0104365 -0.0230027 0.0426890 -0.0316626 0.0108804 -0.0012898 0.0166123 0.0234349 0.0039602 0.0319420 -0.0348931 -0.0334121 -0.0385325 -0.0084286 0.0066249 -0.0156621 -0.0241459 0.0022121 -0.0330756 -0.0310502 0.0059241 -0.0009464 -0.0275653 -0.0298957 -0.0139729 -0.0101272 -0.0418326 0.0201624 -0.0273235 -0.0244618 0.0485880 -0.0319006 -0.0341294 -0.0075687 0.0027371 -0.0365744 0.0517780 -0.0275069 -0.0184592 -0.0046210 0.0168178 0.0502152 -0.0032594 -0.0268550 0.0312119 0.0155281 0.0219199 -0.0319424 0.0010240 -0.0169500 0.0139282 -0.0312531 0.0466689 0.0420100 0.0067898 0.0308648 -0.0077241 -0.0053551 0.0081392 0.0533205 0.0118192 0.0257264 -0.0037174 0.0238890 0.0330158 -0.0226125 -0.0256304 0.0284878 0.0385014 -0.0016818 -0.0348476 0.0547292 -0.0144679 0.0135678 0.0522232 0.0013594 0.0042201 -0.0337233 -0.0315469 0.0387758 0.0083133 0.0359727 0.0178111 -0.0335434 -0.0313457 0.0090738 0.0094285 0.0443754 -0.0052863 -0.0395888 -0.0219163 -0.0327960 -0.0316671 0.0008908 -0.0327680 0.0302210 0.0373374 -0.0169549 0.0456284 -0.0289976 -0.0116006 -0.0243287 0.0579054 -0.0105817 -0.0141204 0.0020318 0.0014253 0.0144818 0.0001017 -0.0204880 -0.0328438 -0.0067759 0.0010745 0.0105815 -0.0266144 0.0162517 0.0127379 0.0343477 -0.0064991 0.0135152 -0.0344169 0.0511121 -0.0191713 -0.0268290 -0.0365906 -0.0077474 0.0025247 -0.0113729 -0.0043197 -0.0272504 -0.0336058 0.0188640 -0.0268598 -0.0215430 -0.0339186 -0.0324042 -0.0000075 0.0121264 -0.0366735 -0.0002429 0.0467567 -0.0299085 -0.0059754 -0.0252982 0.0110332 -0.0066625 -0.0353353 -0.0304067 0.0005236 -0.0316620 -0.0331924 0.0510454 0.0432627 -0.0309578 0.0083260 -0.0320914
-0.0272590 0.0103227 0.0566381 1.0590265 0.0064015 0.0512272 0.0134612 -0.0353979 0.0049786 -0.0285089 0.0041837 -0.0374569 -0.0348404 -0.0314072 -0.0290557 -0.0145416 0.0592387 0.0525099 0.0603652 0.0014720 0.0140782 -0.0305131 -0.0046541 -0.0335823 0.0165178 0.0173161 0.0069675 -0.0264457 -0.0264964 -0.0347967 0.0139555 -0.0056440 -0.0290030 -0.0195856 -0.0339357 0.0055724 0.0097749 -0.0243789 0.0465434 -0.0312536 0.0135835 -0.0014345 0.0199512 0.0254515 0.0052690 0.0340256 -0.0383155 -0.0347590 -0.0425730 -0.0080259 0.0086576 -0.0164794 -0.0253036 0.0034868 -0.0359334 -0.0327451 0.0046350 -0.0005045 -0.0303608 -0.0331547 -0.0147825 -0.0088973 -0.0454173 0.0199492 -0.0292071 -0.0261463 0.0550256 -0.0330197 -0.0376424 -0.0053746 0.0030630 -0.0393122 0.0584857 -0.0318930 -0.0210181 -0.0038365 0.0165052 0.0561372 -0.0026809 -0.0313857 0.0356042 0.0186713 0.0224187 -0.0354015 0.0037932 -0.0190939 0.0153592 -0.0330896 0.0522461 0.0475132 0.0067658 0.0343672 -0.0065024 -0.0039429 0.0086535 0.0609285 0.0145526 0.0275590 -0.0031062 0.0256439 0.0389206 -0.0227677 -0.0259800 0.0314560 0.0428844 -0.0030775 -0.0361857 0.0603055 -0.0138977 0.0145282 0.0556733 0.0025805 0.0060340 -0.0353822 -0.0360666 0.0440983 0.0090284 0.0424286 0.0184246 -0.0368256 -0.0336976 0.0091754 0.0107703 0.0470374 -0.0056776 -0.0435439 -0.0240031 -0.0360713 -0.0329480 0.0016987 -0.0343882 0.0350105 0.0403655 -0.0186368 0.0499785 -0.0305244 -0.0113387 -0.0258113 0.0640109 -0.0113314 -0.0157214 0.0009389 0.0017381 0.0181578 0.0011934 -0.0200261 -0.0353073 -0.0067586 0.0018699 0.0143162 -0.0266108 0.0166611 0.0155910 0.0395664 -0.0074682 0.0159578 -0.0356560 0.0568303 -0.0183687 -0.0283591 -0.0402169 -0.0092406 0.0044419 -0.0146814 -0.0023274 -0.0297246 -0.0349893 0.0208037 -0.0287620 -0.0216871 -0.0367942 -0.0361601 0.0006019 0.0136276 -0.0376669 0.0012451 0.0510056 -0.0309873 -0.0038930 -0.0261304 0.0155535 -0.0064320 -0.0367886 -0.0344686 -0.0025272 -0.0330798 -0.0355668 0.0576302 0.0465855 -0.0329160 0.0079821 -0.0337075
-0.0091911 -0.0024581 0.0069647 0.0064015 1.0108811 0.0067278 -0.0009377 -0.0080671 -0.0003070 -0.0054829 -0.0006680 -0.0079462 -0.0092026 -0.0074577 -0.0066379 -0.0040652 0.0058063 0.0043130 0.0080161 -0.0023821 0.0018940 -0.0037864 -0.0017707 -0.0072364 0.0003531 -0.0003441 -0.0015256 -0.0064139 -0.0055154 -0.0092098 0.0006597 -0.0016263 -0.0077676 -0.0039845 -0.0068912 -0.0012223 -0.0023309 -0.0056438 0.0044363 -0.0061149 -0.0012353 -0.0002280 0.0021212 0.0019741 0.0002478 0.0005720 -0.0082290 -0.0083112 -0.0082070 -0.0021000 -0.0025643 -0.0039302 -0.0068734 -0.0007945 -0.0087505 -0.0074096 0.0001130 -0.0005633 -0.0051735 -0.0067753 -0.0052141 -0.0037431 -0.0070102 0.0008480 -0.0065850 -0.0064391 0.0054717 -0.0082321 -0.0073499 -0.0032895 -0.0006994 -0.0063347 0.0049542 -0.0072269 -0.0053688 -0.0036841 -0.0003841 0.0054812 -0.0023132 -0.0061947 0.0039012 0.0005194 0.0020421 -0.0077706 -0.0022301 -0.0041696 0.0018787 -0.0078549 0.0046741 0.0050577 0.0013993 0.0020953 -0.0010739 -0.0031418 -0.0003776 0.0054506 0.0004554 0.0028985 -0.0036799 -0.0001626 0.0019395 -0.0061039 -0.0047442 0.0039147 0.0025741 -0.0025489 -0.0071155 0.0089422 -0.0060152 -0.0003127 0.0057680 -0.0021839 -0.0025746 -0.0073218 -0.0092669 0.0027555 -0.0017421 0.0029371 0.0017096 -0.0079188 -0.0062409 -0.0019023 -0.0017570 0.0042474 -0.0035361 -0.0092943 -0.0056057 -0.0068811 -0.0067516 -0.0004219 -0.0070136 0.0018037 0.0026488 -0.0030237 0.0047155 -0.0074563 -0.0053711 -0.0075041 0.0066739 -0.0026925 -0.0039814 -0.0027481 -0.0032659 -0.0010844 -0.0025498 -0.0053171 -0.0078845 -0.0041784 -0.0025829 0.0007299 -0.0063030 0.0007165 -0.0000130 0.0041215 -0.0038295 -0.0006218 -0.0083811 0.0057958 -0.0083022 -0.0075112 -0.0071512 -0.0012577 -0.0002793 -0.0035538 -0.0021462 -0.0078554 -0.0080282 0.0002341 -0.0067200 -0.0048088 -0.0084226 -0.0067300 -0.0020566 -0.0004831 -0.0070582 -0.0031362 0.0042951 -0.0062391 -0.0011775 -0.0067524 0.0007054 -0.0035805 -0.0072897 -0.0090650 -0.0020236 -0.0076209 -0.0071679 0.0077513 0.0049164 -0.0061286 -0.0002450 -0.0067661
-0.0240816 0.0084037 0.0467374 0.0512272 0.0067278 1.0445641 0.0095634 -0.0280704 0.0028905 -0.0230545 0.0035417 -0.0298124 -0.0305910 -0.0266965 -0.0247715 -0.0118194 0.0474909 0.0423109 0.0490077 0.0003144 0.0122529 -0.0241754 -0.0044765 -0.0247005 0.0133195 0.0145064 0.0049144 -0.0220028 -0.0230415 -0.0297169 0.0086861 -0.0032833 -0.0241053 -0.0182450 -0.0283859 0.0037608 0.0081581 -0.0198105 0.0381340 -0.0265675 0.0103088 0.0008765 0.0152221 0.0202659 0.0031968 0.0273584 -0.0309598 -0.0284113 -0.0357921 -0.0073683 0.0056910 -0.0143110 -0.0204148 0.0020333 -0.0299038 -0.0273959 0.0036726 -0.0010569 -0.0248419 -0.0276587 -0.0118321 -0.0104402 -0.0366612 0.0167152 -0.0230085 -0.0214022 0.0431888 -0.0262678 -0.0318115 -0.0050341 0.0029792 -0.0322887 0.0461291 -0.0235745 -0.0160405 -0.0024839 0.0124224 0.0447975 -0.0019547 -0.0233258 0.0283719 0.0140875 0.0185732 -0.0287329 0.0020032 -0.0147589 0.0120749 -0.0263235 0.0397040 0.0376298 0.0043734 0.0270410 -0.0061840 -0.0040500 0.0058881 0.0480228 0.0115082 0.0213858 -0.0032117 0.0190590 0.0301023 -0.0187491 -0.0204813 0.0253482 0.0359420 -0.0018685 -0.0293338 0.0493669 -0.0111987 0.0101685 0.0448983 0.0028501 0.0042681 -0.0290856 -0.0289253 0.0337551 0.0050605 0.0333751 0.0153786 -0.0305194 -0.0273819 0.0080082 0.0098161 0.0384534 -0.0041417 -0.0333241 -0.0208486 -0.0292804 -0.0263705 0.0016397 -0.0294273 0.0281598 0.0316351 -0.0162336 0.0402074 -0.0251050 -0.0085109 -0.0199691 0.0523630 -0.0075385 -0.0131447 0.0004735 0.0004879 0.0147862 0.0009551 -0.0165293 -0.0286358 -0.0026331 0.0014200 0.0092173 -0.0229345 0.0134121 0.0097862 0.0329046 -0.0063308 0.0121096 -0.0294298 0.0462478 -0.0155569 -0.0240945 -0.0335376 -0.0084418 0.0019771 -0.0108985 -0.0020231 -0.0242025 -0.0303190 0.0164552 -0.0246540 -0.0164243 -0.0304579 -0.0284936 -0.0011593 0.0100024 -0.0320814 0.0003562 0.0423947 -0.0254871 -0.0018893 -0.0214662 0.0124385 -0.0060061 -0.0293933 -0.0278852 -0.0021135 -0.0255666 -0.0305336 0.0456747 0.0374926 -0.0262394 0.0049606 -0.0290903
-0.0077985 -0.0007941 0.0099191 0.0134612 -0.0009377 0.0095634 1.0180308 -0.0087624 -0.0003573 -0.0091196 -0.0014962 -0.0113035 -0.0107477 -0.0094188 -0.0073957 -0.0059339 0.0101431 0.0102117 0.0119101 -0.0003909 0.0000545 -0.0073462 -0.0046169 -0.0100983 0.0038129 0.0009686 0.0003041 -0.0084197 -0.0060489 -0.0119637 -0.0008202 -0.0018453 -0.0074409 -0.0091604 -0.0109735 -0.0022837 0.0005691 -0.0059923 0.0098842 -0.0087759 0.0005441 -0.0036184 0.0037205 0.0030865 -0.0002231 0.0046574 -0.0107131 -0.0104376 -0.0111942 -0.0042202 -0.0015666 -0.0066974 -0.0076554 -0.0008489 -0.0106110 -0.0082547 -0.0014913 -0.0005390 -0.0068799 -0.0084927 -0.0068268 -0.0055877 -0.0118010 0.0027212 -0.0090112 -0.0081387 0.0104996 -0.0092447 -0.0099507 -0.0036380 -0.0027496 -0.0122031 0.0102078 -0.0113153 -0.0052216 -0.0014228 0.0027845 0.0088656 -0.0019525 -0.0094334 0.0048338 0.0026097 0.0026972 -0.0088267 -0.0024763 -0.0042488 0.0007180 -0.0086286 0.0113603 0.0092004 -0.0003776 0.0050574 -0.0033751 -0.0017502 -0.0002304 0.0101182 0.0006828 0.0038987 -0.0039696 0.0022936 0.0064051 -0.0089052 -0.0068768 0.0059523 0.0079792 0.0004303 -0.0103011 0.0115788 -0.0037303 0.0024711 0.0101453 0.0014523 -0.0013119 -0.0107489 -0.0089758 0.0084991 0.0016034 0.0073291 0.0014169 -0.0111912 -0.0094725 -0.0006032 0.0001293 0.0086900 -0.0028333 -0.0090991 -0.0078905 -0.0104343 -0.0088950 -0.0018171 -0.0100239 0.0066984 0.0051264 -0.0048088 0.0102721 -0.0085560 -0.0045807 -0.0069738 0.0107198 -0.0047203 -0.0075563 -0.0023986 -0.0017063 0.0022771 -0.0036503 -0.0090934 -0.0101285 -0.0034122 -0.0033058 0.0013079 -0.0080436 0.0004242 0.0000800 0.0068551 -0.0050625 0.0018816 -0.0091576 0.0113881 -0.0076516 -0.0080221 -0.0105996 -0.0028782 -0.0001188 -0.0063834 -0.0041977 -0.0096632 -0.0102544 0.0013205 -0.0085220 -0.0078846 -0.0117193 -0.0097923 -0.0023434 0.0017096 -0.0110457 -0.0023903 0.0109440 -0.0095834 -0.0025194 -0.0086005 0.0007705 -0.0024065 -0.0112706 -0.0106135 -0.0013629 -0.0099485 -0.0096874 0.0103664 0.0093957 -0.0090820 0.0001209 -0.0090662
0.0112830 -0.0068796 -0.0316318 -0.0353979 -0.0080671 -0.0280704 -0.0087624 1.0156637 -0.0048262 0.0132768 -0.0047891 0.0175818 0.0143385 0.0143023 0.0119367 0.0064396 -0.0321399 -0.0282956 -0.0334754 -0.0022421 -0.0098458 0.0119860 -0.0021917 0.0145780 -0.0114903 -0.0119244 -0.0085469 0.0092465 0.0094267 0.0161930 -0.0078675 -0.0005613 0.0123197 0.0086609 0.0156138 -0.0054387 -0.0090345 0.0085164 -0.0258696 0.0127176 -0.0107666 -0.0033554 -0.0132911 -0.0143836 -0.0041060 -0.0199443 0.0169764 0.0163614 0.0186703 0.0018343 -0.0082014 0.0031366 0.0098417 -0.0030165 0.0159035 0.0131561 -0.0059762 0.0002579 0.0127025 0.0132120 0.0054956 0.0024196 0.0203024 -0.0131910 0.0123585 0.0104231 -0.0322866 0.0126748 0.0171019 0.0000227 -0.0046559 0.0170420 -0.0321651 0.0125499 0.0062642 -0.0008721 -0.0114612 -0.0321542 -0.0013135 0.0133138 -0.0207807 -0.0117919 -0.0139427 0.0144678 -0.0043795 0.0076588 -0.0096093 0.0147586 -0.0282052 -0.0274922 -0.0071312 -0.0198883 0.0016842 -0.0005988 -0.0074646 -0.0339216 -0.0098503 -0.0148840 -0.0018990 -0.0156958 -0.0223349 0.0100524 0.0075526 -0.0182576 -0.0251769 -0.0016629 0.0162545 -0.0337335 0.0042976 -0.0104950 -0.0311791 -0.0044447 -0.0055733 0.0171910 0.0145192 -0.0256426 -0.0075953 -0.0238158 -0.0138053 0.0173147 0.0151517 -0.0104360 -0.0081960 -0.0282002 0.0007810 0.0193461 0.0114322 0.0158816 0.0143633 -0.0031653 0.0152048 -0.0214000 -0.0222918 0.0074266 -0.0265479 0.0141112 0.0044629 0.0106970 -0.0342439 0.0024960 0.0033005 -0.0038208 -0.0031763 -0.0107178 -0.0042589 0.0080535 0.0160663 -0.0009305 -0.0038646 -0.0109984 0.0095934 -0.0129128 -0.0106297 -0.0218059 0.0014206 -0.0106445 0.0180021 -0.0306867 0.0080118 0.0125364 0.0162360 0.0042529 -0.0045074 0.0041360 -0.0009115 0.0112037 0.0160939 -0.0130840 0.0120292 0.0070209 0.0152244 0.0142240 -0.0034288 -0.0096666 0.0191047 -0.0040450 -0.0284768 0.0138184 -0.0037224 0.0104562 -0.0092167 -0.0009631 0.0129409 0.0135218 -0.0035722 0.0133215 0.0158413 -0.0321282 -0.0263811 0.0145635 -0.0071191 0.0155078
-0.0053477 -0.0012658 0.0013506 0.0049786 -0.0003070 0.0028905 -0.0003573 -0.0048262 1.0158972 -0.0050863 -0.0008267 -0.0042438 -0.0055438 -0.0047145 -0.0036604 -0.0020425 0.0034002 0.0036916 0.0035639 -0.0023185 -0.0006398 -0.0055327 -0.0022269 -0.0050101 0.0007454 -0.0004809 -0.0024908 -0.0066842 -0.0025910 -0.0051035 -0.0004713 -0.0031740 -0.0033660 -0.0025717 -0.0033380 -0.0017262 -0.0000760 -0.0035450 0.0031502 -0.0046227 -0.0016136 -0.0030335 -0.0014496 0.0002662 0.0001990 0.0017865 -0.0061893 -0.0062563 -0.0050669 -0.0030322 -0.0018731 -0.0043140 -0.0042587 -0.0010008 -0.0038903 -0.0048611 -0.0023370 -0.0005228 -0.0046385 -0.0068829 -0.0040287 -0.0023502 -0.0054242 0.0001414 -0.0046446 -0.0037169 0.0032431 -0.0041709 -0.0059119 -0.0015756 0.0001149 -0.0044572 0.0038085 -0.0029775 -0.0037522 -0.0038415 -0.0013882 0.0043287 -0.0020692 -0.0049716 0.0005547 0.0005464 0.0002960 -0.0061250 -0.0019357 -0.0036586 -0.0013418 -0.0025945 0.0013302 0.0026519 -0.0025111 0.0016048 -0.0018732 -0.0041662 -0.0025349 0.0034461 -0.0019705 -0.0006661 -0.0021030 0.0006439 0.0008272 -0.0039270 -0.0055504 0.0016858 0.0016039 -0.0009176 -0.0046541 0.0022945 -0.0042163 0.0007247 0.0028466 -0.0017318 -0.0024529 -0.0036962 -0.0047645 0.0023116 -0.0014274 0.0025564 0.0002909 -0.0035140 -0.0049100 -0.0023136 -0.0012653 0.0010308 -0.0011239 -0.0033408 -0.0026470 -0.0047276 -0.0056139 -0.0007353 -0.0042833 -0.0019495 0.0019985 -0.0027207 0.0039443 -0.0044039 -0.0006742 -0.0061913 0.0037272 -0.0025987 -0.0033196 -0.0019011 -0.0001260 0.0011305 -0.0030078 -0.0017395 -0.0041736 -0.0001638 -0.0016569 -0.0018487 -0.0058213 -0.0016094 -0.0007917 0.0010969 -0.0026868 -0.0007691 -0.0035730 0.0034802 -0.0034920 -0.0040799 -0.0051871 -0.0007214 -0.0031551 -0.0033944 -0.0016693 -0.0043747 -0.0045590 0.0001600 -0.0039088 -0.0037940 -0.0047301 -0.0046727 -0.0014187 -0.0003709 -0.0047084 -0.0012702 0.0031819 -0.0041430 -0.0019892 -0.0050695 -0.0016808 -0.0022711 -0.0056458 -0.0056579 -0.0014132 -0.0033229 -0.0054236 0.0046018 0.0033429 -0.0049407 -0.0002261 -0.0048465
0.0079750 -0.0064909 -0.0264454 -0.0285089 -0.0054829 -0.0230545 -0.0091196 0.0132768 -0.0050863 1.0115358 -0.0043876 0.0131735 0.0128179 0.0105118 0.0093458 0.0058100 -0.0282158 -0.0241354 -0.0285208 -0.0016609 -0.0098308 0.0089296 -0.0011275 0.0093059 -0.0096894 -0.0099732 -0.0071762 0.0059726 0.0076896 0.0124471 -0.0088288 -0.0015790 0.0096926 0.0046810 0.0120062 -0.0034544 -0.0076318 0.0069566 -0.0220015 0.0106249 -0.0103887 -0.0037689 -0.0135031 -0.0138758 -0.0045339 -0.0180218 0.0141012 0.0122480 0.0156944 0.0000316 -0.0066374 0.0024254 0.0088828 -0.0041289 0.0113340 0.0090960 -0.0053761 -0.0002876 0.0105472 0.0092072 0.0029728 0.0002290 0.0169048 -0.0114846 0.0071692 0.0073954 -0.0271398 0.0103685 0.0133378 -0.0010093 -0.0032938 0.0137163 -0.0273798 0.0126285 0.0044249 0.0011932 -0.0111623 -0.0258424 -0.0021403 0.0097021 -0.0187534 -0.0106359 -0.0125079 0.0121144 -0.0054558 0.0048402 -0.0086508 0.0136857 -0.0264448 -0.0221054 -0.0063705 -0.0169174 -0.0003556 -0.0019202 -0.0083622 -0.0278704 -0.0083037 -0.0137196 -0.0014714 -0.0142974 -0.0200994 0.0075725 0.0073097 -0.0157769 -0.0228031 -0.0003619 0.0128091 -0.0298467 0.0016357 -0.0095269 -0.0288703 -0.0059542 -0.0064704 0.0111138 0.0109691 -0.0211995 -0.0090254 -0.0215126 -0.0125503 0.0127453 0.0115201 -0.0089892 -0.0066724 -0.0233974 -0.0006695 0.0133455 0.0096741 0.0107476 0.0092783 -0.0030696 0.0118261 -0.0193050 -0.0207815 0.0045052 -0.0237767 0.0103936 0.0000022 0.0065847 -0.0301817 -0.0001186 0.0027631 -0.0048311 -0.0033451 -0.0106488 -0.0040482 0.0052837 0.0129616 0.0004098 -0.0028781 -0.0082914 0.0064018 -0.0103581 -0.0090302 -0.0198144 0.0006876 -0.0094560 0.0139524 -0.0285607 0.0042511 0.0085306 0.0140863 0.0033275 -0.0054394 0.0015262 -0.0011759 0.0106101 0.0122828 -0.0130827 0.0098992 0.0042977 0.0127857 0.0098194 -0.0034886 -0.0104710 0.0155290 -0.0044269 -0.0253874 0.0105155 -0.0009758 0.0078189 -0.0086567 0.0004308 0.0122565 0.0100110 -0.0019323 0.0100515 0.0126292 -0.0275808 -0.0219946 0.0101544 -0.0063038 0.0113099
-0.0038987 0.0004524 0.0040369 0.0041837 -0.0006680 0.0035417 -0.0014962 -0.0047891 -0.0008267 -0.0043876 1.0109199 -0.0040754 -0.0058855 -0.0054241 -0.0040055 -0.0028527 0.0051291 0.0043939 0.0058340 -0.0014947 0.0003476 -0.0049358 -0.0016856 -0.0049310 0.0006637 0.0010096 -0.0019640 -0.0049908 -0.0052937 -0.0047039 -0.0011934 -0.0018574 -0.0044289 -0.0031982 -0.0052844 -0.0018066 -0.0016050 -0.0040445 0.0038411 -0.0055686 -0.0011421 -0.0010802 0.0003706 0.0008161 -0.0004143 0.0018661 -0.0055130 -0.0055100 -0.0065208 -0.0027284 0.0005903 -0.0063224 -0.0055080 -0.0014086 -0.0059971 -0.0041246 0.0004671 -0.0002607 -0.0036042 -0.0050149 -0.0024269 -0.0036691 -0.0072560 -0.0004925 -0.0047165 -0.0037520 0.0037476 -0.0072781 -0.0038537 -0.0022814 -0.0019226 -0.0046568 0.0045047 -0.0058702 -0.0048850 -0.0023038 -0.0000164 0.0043298 -0.0042876 -0.0054153 0.0018253 0.0014421 -0.0006599 -0.0072088 -0.0017514 -0.0032489 -0.0002104 -0.0051592 0.0036333 0.0035124 -0.0014279 0.0013887 -0.0008099 -0.0025343 -0.0016535 0.0035430 -0.0019393 0.0015115 -0.0011097 0.0007175 0.0017593 -0.0049627 -0.0053385 0.0014570 0.0030657 -0.0015274 -0.0065832 0.0050034 -0.0040554 -0.0001700 0.0034194 -0.0006933 -0.0008656 -0.0045112 -0.0034374 0.0030013 -0.0012678 0.0010499 0.0000456 -0.0056866 -0.0052789 -0.0022536 -0.0006069 0.0025833 -0.0025648 -0.0065383 -0.0037080 -0.0063947 -0.0036893 -0.0006194 -0.0044003 0.0012189 0.0037021 -0.0038787 0.0039712 -0.0049991 -0.0029562 -0.0044940 0.0070339 -0.0032082 -0.0046525 -0.0014572 -0.0012754 0.0002278 -0.0033943 -0.0043749 -0.0042936 -0.0009418 -0.0005180 0.0003634 -0.0020414 -0.0004281 -0.0002698 0.0030947 -0.0022369 -0.0006347 -0.0053987 0.0050019 -0.0041428 -0.0050304 -0.0058796 -0.0010817 -0.0013276 -0.0028943 -0.0014742 -0.0051462 -0.0045664 0.0002815 -0.0053911 -0.0058478 -0.0057866 -0.0053435 -0.0007086 -0.0014071 -0.0047421 -0.0019498 0.0048335 -0.0052266 -0.0026507 -0.0039935 0.0002660 -0.0012958 -0.0052862 -0.0053666 -0.0017908 -0.0045429 -0.0051614 0.0044324 0.0037842 -0.0056212 -0.0010379 -0.0048110
0.0129481 -0.0089769 -0.0361659 -0.0374569 -0.0079462 -0.0298124 -0.0113035 0.0175818 -0.0042438 0.0131735 -0.0040754 1.0154577 0.0179257 0.0163835 0.0137069 0.0069389 -0.0337010 -0.0316733 -0.0357005 -0.0027624 -0.0108520 0.0134850 -0.0017598 0.0170412 -0.0116892 -0.0119170 -0.0097796 0.0117697 0.0125962 0.0170319 -0.0082427 -0.0002076 0.0130411 0.0090683 0.0172155 -0.0054301 -0.0086082 0.0091518 -0.0289353 0.0160183 -0.0112086 -0.0034718 -0.0151719 -0.0181390 -0.0052930 -0.0233420 0.0191656 0.0184411 0.0212842 0.0008463 -0.0070751 0.0049515 0.0112684 -0.0037715 0.0169567 0.0154518 -0.0049520 0.0000690 0.0140153 0.0145756 0.0035547 0.0040743 0.0224481 -0.0118977 0.0130066 0.0107207 -0.0349477 0.0152468 0.0201944 0.0012121 -0.0035073 0.0194479 -0.0339309 0.0167672 0.0064022 -0.0005238 -0.0118212 -0.0347682 -0.0005879 0.0143310 -0.0235429 -0.0127779 -0.0156970 0.0172840 -0.0049531 0.0089033 -0.0094519 0.0181095 -0.0329119 -0.0307852 -0.0078047 -0.0219160 0.0004506 0.0001768 -0.0085531 -0.0373668 -0.0095144 -0.0183348 -0.0035232 -0.0159265 -0.0241889 0.0107009 0.0115516 -0.0206901 -0.0280429 -0.0022223 0.0191637 -0.0372989 0.0053174 -0.0102358 -0.0344887 -0.0051486 -0.0058327 0.0167942 0.0165117 -0.0254654 -0.0101979 -0.0270089 -0.0152560 0.0175321 0.0158074 -0.0103068 -0.0083800 -0.0309962 0.0011585 0.0206740 0.0121477 0.0159777 0.0176978 -0.0036067 0.0160605 -0.0246491 -0.0253080 0.0081731 -0.0289074 0.0154279 0.0031586 0.0113986 -0.0374146 0.0012367 0.0038918 -0.0033475 -0.0019704 -0.0110617 -0.0030420 0.0094236 0.0176087 0.0018717 -0.0049477 -0.0107870 0.0114753 -0.0117779 -0.0109402 -0.0240167 0.0034622 -0.0116270 0.0182456 -0.0348024 0.0075777 0.0122043 0.0182968 0.0043652 -0.0050621 0.0042504 -0.0005132 0.0132003 0.0196876 -0.0139861 0.0123913 0.0079952 0.0163641 0.0169507 -0.0026819 -0.0103091 0.0206645 -0.0021591 -0.0318018 0.0137485 -0.0022979 0.0106310 -0.0105176 0.0014327 0.0162882 0.0174134 -0.0024321 0.0141481 0.0175071 -0.0330494 -0.0271238 0.0149045 -0.0070488 0.0158588
0.0096590 -0.0085756 -0.0312137 -0.0348404 -0.0092026 -0.0305910 -0.0107477 0.0143385 -0.0055438 0.0128179 -0.0058855 0.0179257 1.0192764 0.0124316 0.0102744 0.0046928 -0.0324701 -0.0279651 -0.0330725 -0.0034328 -0.0119229 0.0096619 -0.0023657 0.0123375 -0.0121530 -0.0123601 -0.0086654 0.0095332 0.0092778 0.0144055 -0.0093027 -0.0007940 0.0115769 0.0067696 0.0150780 -0.0053340 -0.0082245 0.0086634 -0.0239103 0.0127908 -0.0110622 -0.0041235 -0.0124869 -0.0158683 -0.0048473 -0.0227205 0.0146937 0.0151659 0.0204461 0.0019135 -0.0070957 0.0050694 0.0106157 -0.0047475 0.0142346 0.0125579 -0.0055356 -0.0000097 0.0116476 0.0120122 0.0048281 0.0026403 0.0194738 -0.0132369 0.0123830 0.0100921 -0.0293103 0.0121790 0.0146428 -0.0001682 -0.0051673 0.0182219 -0.0313832 0.0130362 0.0070331 0.0008455 -0.0102571 -0.0324923 -0.0017911 0.0130688 -0.0226139 -0.0105834 -0.0151496 0.0136845 -0.0038074 0.0069461 -0.0104018 0.0160969 -0.0296629 -0.0269290 -0.0080827 -0.0191323 0.0002186 -0.0018360 -0.0092371 -0.0343342 -0.0103740 -0.0175169 -0.0002655 -0.0151533 -0.0224500 0.0089454 0.0118966 -0.0196574 -0.0265478 -0.0013702 0.0181315 -0.0338534 0.0031721 -0.0111773 -0.0297325 -0.0049866 -0.0053569 0.0144990 0.0143000 -0.0253895 -0.0062242 -0.0236039 -0.0159621 0.0129305 0.0137609 -0.0115615 -0.0082499 -0.0277087 -0.0002865 0.0161487 0.0093021 0.0135895 0.0147286 -0.0050838 0.0137414 -0.0216777 -0.0231604 0.0062158 -0.0274997 0.0119538 0.0029735 0.0093761 -0.0349732 0.0005663 0.0046653 -0.0027303 -0.0040282 -0.0110732 -0.0038706 0.0065055 0.0138179 -0.0000065 -0.0044344 -0.0091132 0.0086814 -0.0122065 -0.0099733 -0.0235000 0.0007810 -0.0118749 0.0158571 -0.0319562 0.0048978 0.0113892 0.0173301 0.0040354 -0.0050006 0.0050953 -0.0014797 0.0136027 0.0157114 -0.0136689 0.0104993 0.0080463 0.0151346 0.0136009 -0.0033171 -0.0098195 0.0184758 -0.0025140 -0.0283841 0.0121702 -0.0025218 0.0102710 -0.0105370 0.0022467 0.0126972 0.0123485 -0.0033882 0.0124463 0.0138733 -0.0318067 -0.0265566 0.0120729 -0.0073797 0.0143594
0.0087621 -0.0070085 -0.0284992 -0.0314072 -0.0074577 -0.0266965 -0.0094188 0.0143023 -0.0047145 0.0105118 -0.0054241 0.0163835 0.0124316 1.0207840 0.0103870 0.0037247 -0.0300725 -0.0280143 -0.0297007 -0.0030084 -0.0106057 0.0100643 -0.0019468 0.0137885 -0.0103985 -0.0100266 -0.0089556 0.0086286 0.0105057 0.0132395 -0.0086630 -0.0015236 0.0118161 0.0066714 0.0142407 -0.0046765 -0.0065427 0.0064504 -0.0237865 0.0096792 -0.0080360 -0.0014013 -0.0134916 -0.0137535 -0.0060854 -0.0193059 0.0153508 0.0130030 0.0170111 0.0028971 -0.0053000 0.0051992 0.0082979 -0.0046051 0.0138057 0.0118801 -0.0054468 0.0000961 0.0121845 0.0118363 0.0065575 0.0042826 0.0173493 -0.0136565 0.0083918 0.0071692 -0.0274206 0.0127704 0.0141358 0.0002823 -0.0044862 0.0162317 -0.0279688 0.0099487 0.0064354 -0.0010174 -0.0092787 -0.0287054 -0.0031224 0.0128579 -0.0192068 -0.0108937 -0.0133719 0.0127533 -0.0031364 0.0053351 -0.0101978 0.0115188 -0.0277130 -0.0258786 -0.0046148 -0.0164170 0.0001021 -0.0026303 -0.0079420 -0.0308896 -0.0083595 -0.0137247 -0.0027157 -0.0152220 -0.0207726 0.0092156 0.0097411 -0.0181282 -0.0227830 -0.0027577 0.0124335 -0.0301847 0.0039436 -0.0103990 -0.0288138 -0.0046426 -0.0064822 0.0142024 0.0136020 -0.0247266 -0.0088307 -0.0226327 -0.0119907 0.0138470 0.0140522 -0.0071841 -0.0070580 -0.0269365 0.0007695 0.0178507 0.0107768 0.0124118 0.0127210 -0.0044103 0.0119338 -0.0230637 -0.0225789 0.0046565 -0.0249740 0.0127271 0.0023265 0.0079573 -0.0322927 0.0024205 0.0041489 -0.0036557 -0.0027087 -0.0093488 -0.0017366 0.0071507 0.0138861 -0.0010799 -0.0050129 -0.0118476 0.0113990 -0.0106757 -0.0111615 -0.0231105 0.0014463 -0.0086628 0.0154143 -0.0292741 0.0051327 0.0093460 0.0163101 0.0027668 -0.0043336 0.0027715 -0.0005407 0.0129341 0.0145080 -0.0117276 0.0106516 0.0079397 0.0143785 0.0142054 -0.0026213 -0.0080645 0.0169246 -0.0021035 -0.0283218 0.0120564 -0.0041955 0.0089562 -0.0071997 -0.0000696 0.0138682 0.0144168 -0.0047642 0.0116297 0.0131152 -0.0300929 -0.0247407 0.0121033 -0.0061655 0.0120969
0.0083863 -0.0061404 -0.0273920 -0.0290557 -0.0066379 -0.0247715 -0.0073957 0.0119367 -0.0036604 0.0093458 -0.0040055 0.0137069 0.0102744 0.0103870 1.0139562 0.0039408 -0.0266828 -0.0232468 -0.0270686 -0.0019473 -0.0076025 0.0085292 -0.0011827 0.0097926 -0.0079704 -0.0100687 -0.0065488 0.0097626 0.0084256 0.0121694 -0.0079679 -0.0007459 0.0092776 0.0056097 0.0112416 -0.0037163 -0.0062183 0.0080535 -0.0216098 0.0095856 -0.0086835 -0.0019691 -0.0114488 -0.0136816 -0.0049106 -0.0169200 0.0129682 0.0127011 0.0157748 -0.0003416 -0.0052079 0.0022327 0.0080719 -0.0040359 0.0119259 0.0129905 -0.0042324 0.0001901 0.0104915 0.0103696 0.0037737 0.0024213 0.0163172 -0.0116663 0.0089578 0.0073671 -0.0255987 0.0113028 0.0143499 -0.0005893 -0.0022315 0.0143550 -0.0250777 0.0108152 0.0058046 -0.0016766 -0.0099481 -0.0263630 -0.0013700 0.0106289 -0.0178468 -0.0099851 -0.0112779 0.0122437 -0.0029481 0.0056428 -0.0077865 0.0124112 -0.0234225 -0.0236807 -0.0068111 -0.0167925 -0.0005413 -0.0005137 -0.0072554 -0.0284923 -0.0088244 -0.0133892 0.0001101 -0.0136179 -0.0183056 0.0082954 0.0058350 -0.0148951 -0.0216762 -0.0027105 0.0127569 -0.0275731 0.0035326 -0.0072752 -0.0274599 -0.0033178 -0.0056538 0.0143399 0.0118462 -0.0215947 -0.0082349 -0.0202572 -0.0105577 0.0117188 0.0120155 -0.0091602 -0.0074049 -0.0229419 -0.0001640 0.0152851 0.0087916 0.0106641 0.0119170 -0.0028701 0.0115757 -0.0183775 -0.0184010 0.0052004 -0.0215185 0.0088403 0.0011096 0.0068242 -0.0290839 -0.0004218 0.0026041 -0.0024785 -0.0031078 -0.0098110 -0.0019282 0.0054855 0.0127146 0.0004962 -0.0035446 -0.0084584 0.0086665 -0.0094582 -0.0087164 -0.0191871 -0.0000373 -0.0084784 0.0132849 -0.0262480 0.0063505 0.0099766 0.0139741 0.0029324 -0.0053342 0.0045951 -0.0009488 0.0102608 0.0128989 -0.0117038 0.0105652 0.0042897 0.0129770 0.0136801 -0.0011946 -0.0095839 0.0151633 -0.0025160 -0.0238634 0.0099421 -0.0034765 0.0090914 -0.0068435 -0.0001190 0.0111213 0.0117704 -0.0021022 0.0109467 0.0120785 -0.0259011 -0.0213365 0.0107668 -0.0059478 0.0111416
0.0034738 -0.0056285 -0.0133778 -0.0145416 -0.0040652 -0.0118194 -0.0059339 0.0064396 -0.0020425 0.0058100 -0.0028527 0.0069389 0.0046928 0.0037247 0.0039408 1.0060148 -0.0136670 -0.0128368 -0.0142406 -0.0025734 -0.0063750 0.0041044 -0.0004019 0.0049255 -0.0053193 -0.0044388 -0.0039557 0.0029386 0.0034712 0.0053651 -0.0040739 -0.0008060 0.0040391 0.0027032 0.0064323 -0.0020001 -0.0051018 0.0030316 -0.0113669 0.0046909 -0.0062162 -0.0027012 -0.0075002 -0.0065510 -0.0026628 -0.0102283 0.0070294 0.0064638 0.0065069 -0.0006585 -0.0042886 -0.0004199 0.0025563 -0.0016527 0.0057342 0.0038695 -0.0015215 0.0001899 0.0055091 0.0038892 0.0006028 -0.0005556 0.0078942 -0.0064172 0.0051970 0.0037288 -0.0142714 0.0037202 0.0054281 0.0006269 -0.0031283 0.0080233 -0.0143764 0.0026314 0.0001075 -0.0015203 -0.0050892 -0.0126424 -0.0020855 0.0045694 -0.0096024 -0.0053044 -0.0064311 0.0063283 -0.0021909 0.0021571 -0.0043669 0.0058571 -0.0117318 -0.0127197 -0.0039321 -0.0081669 0.0008838 0.0003269 -0.0048424 -0.0138252 -0.0039640 -0.0074896 -0.0013069 -0.0072131 -0.0092177 0.0021027 0.0018826 -0.0079081 -0.0110190 -0.0010040 0.0052811 -0.0146419 0.0013907 -0.0052675 -0.0143689 -0.0014690 -0.0046589 0.0060964 0.0050097 -0.0122565 -0.0042758 -0.0113837 -0.0059533 0.0056196 0.0072538 -0.0049873 -0.0029424 -0.0115065 -0.0004575 0.0073666 0.0037266 0.0051651 0.0046899 -0.0019121 0.0051851 -0.0093611 -0.0103767 0.0031730 -0.0107217 0.0046405 0.0015062 0.0030555 -0.0161375 0.0006279 0.0017741 -0.0010449 -0.0026076 -0.0039281 -0.0026165 0.0023983 0.0047443 -0.0000535 -0.0029984 -0.0065145 0.0025604 -0.0056336 -0.0052925 -0.0109295 -0.0000443 -0.0045893 0.0058787 -0.0143230 0.0003710 0.0037296 0.0048612 0.0013525 -0.0040028 -0.0001790 0.0007759 0.0032553 0.0061555 -0.0075108 0.0028619 0.0019061 0.0073929 0.0062182 -0.0017616 -0.0056399 0.0076101 -0.0014591 -0.0122881 0.0043194 -0.0005364 0.0038599 -0.0040001 -0.0003288 0.0053052 0.0042512 -0.0021102 0.0040154 0.0061745 -0.0142460 -0.0109196 0.0054827 -0.0037685 0.0064019
-0.0244283 0.0096235 0.0538616 0.0592387 0.0058063 0.0474909 0.0101431 -0.0321399 0.0034002 -0.0282158 0.0051291 -0.0337010 -0.0324701 -0.0300725 -0.0266828 -0.0136670 1.0528077 0.0468521 0.0557231 -0.0006934 0.0130669 -0.0275613 -0.0056118 -0.0298149 0.0146317 0.0158278 0.0076479 -0.0252979 -0.0256071 -0.0323590 0.0131542 -0.0044480 -0.0266954 -0.0181788 -0.0314506 0.0046708 0.0084870 -0.0241947 0.0421684 -0.0285574 0.0111356 -0.0015675 0.0171195 0.0245020 0.0048921 0.0328032 -0.0357727 -0.0317553 -0.0396567 -0.0087438 0.0071499 -0.0165622 -0.0223573 0.0024785 -0.0320911 -0.0298015 0.0046060 -0.0010936 -0.0272732 -0.0301216 -0.0132182 -0.0093079 -0.0419044 0.0198914 -0.0250975 -0.0245426 0.0487279 -0.0308988 -0.0350930 -0.0061150 0.0029704 -0.0360577 0.0523078 -0.0281998 -0.0190361 -0.0027634 0.0156036 0.0503094 -0.0003859 -0.0305536 0.0314766 0.0166056 0.0192655 -0.0331634 0.0019442 -0.0161197 0.0151523 -0.0312851 0.0466919 0.0421892 0.0052802 0.0313273 -0.0057263 -0.0048433 0.0082129 0.0578744 0.0117016 0.0242811 -0.0027367 0.0227247 0.0343368 -0.0212123 -0.0260747 0.0291087 0.0400294 -0.0036766 -0.0350725 0.0561706 -0.0136014 0.0125787 0.0507446 0.0033751 0.0048048 -0.0339599 -0.0336899 0.0387801 0.0062419 0.0363216 0.0195028 -0.0341773 -0.0311476 0.0092288 0.0090049 0.0420172 -0.0054219 -0.0395421 -0.0217260 -0.0332627 -0.0303101 0.0014073 -0.0311286 0.0330467 0.0370019 -0.0155860 0.0460758 -0.0277848 -0.0118907 -0.0245711 0.0595732 -0.0085295 -0.0152961 -0.0000799 0.0020161 0.0176733 -0.0005020 -0.0184328 -0.0324718 -0.0061480 0.0013124 0.0110378 -0.0249447 0.0159750 0.0110791 0.0368377 -0.0070084 0.0136760 -0.0326241 0.0531253 -0.0183464 -0.0284584 -0.0360421 -0.0081488 0.0033466 -0.0128313 -0.0032417 -0.0282841 -0.0345740 0.0179915 -0.0261561 -0.0191841 -0.0323871 -0.0335921 0.0008779 0.0123883 -0.0351851 0.0010789 0.0473147 -0.0289705 -0.0034079 -0.0250682 0.0133948 -0.0078369 -0.0332549 -0.0310629 -0.0008500 -0.0303355 -0.0338614 0.0512971 0.0416710 -0.0291717 0.0060214 -0.0322095
-0.0235053 0.0078349 0.0471545 0.0525099 0.0043130 0.0423109 0.0102117 -0.0282956 0.0036916 -0.0241354 0.0043939 -0.0316733 -0.0279651 -0.0280143 -0.0232468 -0.0128368 0.0468521 1.0389173 0.0485771 0.0006604 0.0129686 -0.0279758 -0.0044277 -0.0272065 0.0132504 0.0143262 0.0066780 -0.0236323 -0.0232520 -0.0290672 0.0100405 -0.0030144 -0.0250388 -0.0173164 -0.0296888 0.0054071 0.0085889 -0.0202243 0.0376229 -0.0249837 0.0073821 -0.0021215 0.0155366 0.0218184 0.0052450 0.0274747 -0.0328513 -0.0299238 -0.0353034 -0.0063595 0.0063115 -0.0147290 -0.0217433 0.0023087 -0.0307457 -0.0278232 0.0034680 -0.0004295 -0.0251117 -0.0275225 -0.0116740 -0.0096674 -0.0360589 0.0160486 -0.0242981 -0.0225498 0.0427898 -0.0277084 -0.0314849 -0.0043013 0.0024214 -0.0327799 0.0466383 -0.0248592 -0.0181765 -0.0032857 0.0137508 0.0460408 -0.0014150 -0.0256025 0.0294034 0.0149367 0.0168415 -0.0289823 0.0015447 -0.0149683 0.0134611 -0.0281614 0.0429005 0.0391262 0.0058438 0.0262031 -0.0046316 -0.0042230 0.0056295 0.0470268 0.0105473 0.0216952 -0.0017256 0.0185205 0.0304586 -0.0215608 -0.0223995 0.0275911 0.0338801 -0.0011948 -0.0313809 0.0491233 -0.0134616 0.0112841 0.0435180 0.0028099 0.0037654 -0.0295286 -0.0277785 0.0355395 0.0042397 0.0334635 0.0167485 -0.0320703 -0.0279494 0.0069158 0.0084982 0.0378869 -0.0050232 -0.0347137 -0.0209284 -0.0297057 -0.0280670 0.0019356 -0.0294805 0.0301310 0.0331476 -0.0142426 0.0408897 -0.0265511 -0.0087892 -0.0213702 0.0520567 -0.0057412 -0.0145057 -0.0006907 0.0006201 0.0136518 -0.0000489 -0.0177501 -0.0275134 -0.0049264 0.0016488 0.0119274 -0.0233384 0.0132109 0.0135807 0.0327041 -0.0083254 0.0128160 -0.0292989 0.0463178 -0.0162221 -0.0235891 -0.0328509 -0.0070072 0.0012879 -0.0120906 -0.0023776 -0.0256923 -0.0300464 0.0155004 -0.0245857 -0.0178327 -0.0285504 -0.0301134 0.0000554 0.0106690 -0.0326035 0.0002790 0.0429141 -0.0254443 -0.0021145 -0.0227267 0.0113886 -0.0043032 -0.0297722 -0.0286131 -0.0021100 -0.0259379 -0.0293410 0.0480013 0.0401757 -0.0276825 0.0051030 -0.0284158
-0.0276422 0.0110629 0.0576479 0.0603652 0.0080161 0.0490077 0.0119101 -0.0334754 0.0035639 -0.0285208 0.0058340 -0.0357005 -0.0330725 -0.0297007 -0.0270686 -0.0142406 0.0557231 0.0485771 1.0472013 0.0007835 0.0134453 -0.0282327 -0.0037596 -0.0293296 0.0166224 0.0157218 0.0084847 -0.0267484 -0.0264034 -0.0351926 0.0120680 -0.0046703 -0.0268437 -0.0197337 -0.0321300 0.0055630 0.0117383 -0.0235559 0.0442349 -0.0311231 0.0145942 -0.0011307 0.0179198 0.0260430 0.0040035 0.0330400 -0.0354384 -0.0348480 -0.0402367 -0.0091882 0.0066508 -0.0157869 -0.0233796 0.0037016 -0.0340386 -0.0307748 0.0062350 -0.0007880 -0.0273501 -0.0330095 -0.0137072 -0.0105871 -0.0421928 0.0209805 -0.0259718 -0.0252676 0.0533520 -0.0320500 -0.0369286 -0.0046744 0.0021610 -0.0373288 0.0554230 -0.0295749 -0.0185039 -0.0033243 0.0153974 0.0546806 -0.0017952 -0.0291352 0.0342533 0.0169870 0.0224884 -0.0318879 0.0024108 -0.0167828 0.0154862 -0.0320077 0.0502891 0.0464264 0.0063362 0.0331724 -0.0059631 -0.0042297 0.0075458 0.0585505 0.0155695 0.0259369 -0.0024051 0.0244137 0.0357416 -0.0222498 -0.0251725 0.0308617 0.0419591 -0.0022884 -0.0343132 0.0580064 -0.0134078 0.0141400 0.0529206 0.0041405 0.0050739 -0.0347032 -0.0327372 0.0413411 0.0082367 0.0404153 0.0199112 -0.0356201 -0.0306988 0.0101453 0.0123614 0.0472449 -0.0056385 -0.0390893 -0.0233192 -0.0351837 -0.0316554 0.0028384 -0.0323230 0.0348085 0.0387386 -0.0176508 0.0468781 -0.0286498 -0.0111461 -0.0238688 0.0614431 -0.0097857 -0.0152279 0.0021467 0.0012417 0.0174130 0.0005871 -0.0193101 -0.0325829 -0.0056138 0.0003248 0.0125694 -0.0253523 0.0175274 0.0139684 0.0385266 -0.0083338 0.0147055 -0.0344375 0.0532423 -0.0196507 -0.0282352 -0.0375474 -0.0081961 0.0039918 -0.0120084 -0.0014734 -0.0277901 -0.0331997 0.0203849 -0.0261052 -0.0191089 -0.0343560 -0.0340034 -0.0007128 0.0123120 -0.0365780 0.0019118 0.0492868 -0.0296570 -0.0024858 -0.0240134 0.0133565 -0.0067826 -0.0346050 -0.0324216 -0.0010128 -0.0306445 -0.0326893 0.0542699 0.0448575 -0.0303038 0.0078569 -0.0329576
