1.0157571 -0.0091255 -0.0253147 -0.0272588 -0.0091913 -0.0240806 -0.0077986 0.0112830 -0.0053478 0.0079751 -0.0038987 0.0129473 0.0096593 0.0087625 0.0083856 0.0034734 -0.0244279 -0.0235050 -0.0276416 -0.0045777 -0.0102569 0.0081065 -0.0030562 0.0080593 -0.0079125 -0.0080982 -0.0029510 0.0048612 0.0073883 0.0120240 -0.0071563 -0.0015374 0.0082633 0.0044661 0.0119059 -0.0039123 -0.0076138 0.0047127 -0.0213030 0.0067156 -0.0094823 -0.0007399 -0.0134442 -0.0128143 -0.0057280 -0.0164316 0.0109110 0.0096983 0.0131479 0.0001321 -0.0072723 0.0039657 0.0050660 -0.0057835 0.0106212 0.0093055 -0.0048158 -0.0004819 0.0090237 0.0083764 0.0018519 -0.0004618 0.0112876 -0.0119610 0.0078968 0.0057079 -0.0240900 0.0085795 0.0112759 -0.0007492 -0.0049048 0.0118682 -0.0254124 0.0096062 0.0035705 0.0002530 -0.0090902 -0.0262629 -0.0027800 0.0085699 -0.0182699 -0.0085922 -0.0108194 0.0117859 -0.0042817 0.0037615 -0.0109216 0.0091128 -0.0249314 -0.0213679 -0.0094805 -0.0175068 -0.0002216 -0.0022204 -0.0061155 -0.0269151 -0.0102305 -0.0131376 -0.0037260 -0.0118307 -0.0177615 0.0051360 0.0057635 -0.0150935 -0.0197562 -0.0014290 0.0114214 -0.0273384 0.0018889 -0.0077440 -0.0271263 -0.0043304 -0.0089037 0.0122332 0.0110854 -0.0197648 -0.0072649 -0.0186485 -0.0146773 0.0126854 0.0105032 -0.0057307 -0.0078264 -0.0226609 -0.0014036 0.0120516 0.0055388 0.0088617 0.0107622 -0.0059954 0.0096549 -0.0161255 -0.0191255 0.0041771 -0.0206177 0.0091830 0.0019363 0.0058924 -0.0271913 -0.0007365 0.0006037 -0.0051099 -0.0023175 -0.0094834 -0.0039039 0.0043004 0.0117276 -0.0002968 -0.0040716 -0.0081178 0.0068621 -0.0107787 -0.0087439 -0.0171913 -0.0012105 -0.0077313 0.0095410 -0.0227254 0.0040099 0.0077180 0.0117999 0.0036485 -0.0052647 0.0020251 -0.0010058 0.0071040 0.0117594 -0.0114958 0.0077202 0.0035027 0.0110794 0.0090512 -0.0041029 -0.0084718 0.0137607 -0.0041408 -0.0232631 0.0087715 -0.0019205 0.0066786 -0.0110302 -0.0001255 0.0092899 0.0070290 -0.0038601 0.0083709 0.0104793 -0.0255506 -0.0219501 0.0089435 -0.0043647 0.0103602
-0.0091255 1.0148891 0.0076785 0.0103226 -0.0024579 0.0084031 -0.0007940 -0.0068796 -0.0012658 -0.0064909 0.0004524 -0.0089765 -0.0085757 -0.0070087 -0.0061401 -0.0056283 0.0096232 0.0078347 0.0110626 -0.0012011 -0.0015192 -0.0092592 -0.0024761 -0.0071209 0.0020243 0.0016511 0.0016091 -0.0076904 -0.0079285 -0.0083537 0.0009696 -0.0023250 -0.0053887 -0.0061147 -0.0073938 -0.0015503 0.0009613 -0.0071327 0.0069160 -0.0065420 0.0008106 -0.0021382 0.0012858 0.0044478 -0.0031588 0.0058746 -0.0099150 -0.0087402 -0.0110260 -0.0044328 0.0025006 -0.0068411 -0.0067535 0.0004899 -0.0089686 -0.0097515 -0.0011376 -0.0003075 -0.0079557 -0.0066221 -0.0036077 -0.0030001 -0.0097101 0.0019879 -0.0058038 -0.0074246 0.0081642 -0.0091798 -0.0086256 -0.0022269 -0.0019254 -0.0108245 0.0103913 -0.0078668 -0.0060435 -0.0021574 0.0001725 0.0094530 -0.0014746 -0.0072560 0.0024030 0.0031943 0.0025010 -0.0094306 -0.0016404 -0.0058046 0.0022097 -0.0069332 0.0078638 0.0068495 -0.0010031 0.0054120 -0.0025936 -0.0023744 -0.0008016 0.0094084 0.0000867 0.0010080 -0.0023839 0.0017890 0.0045035 -0.0055554 -0.0071102 0.0041146 0.0059323 -0.0035343 -0.0082077 0.0088925 -0.0057203 0.0016201 0.0088761 -0.0008115 0.0000283 -0.0072649 -0.0081171 0.0053006 0.0007490 0.0052031 -0.0003281 -0.0091226 -0.0088447 -0.0021904 0.0020683 0.0058519 -0.0034190 -0.0104633 -0.0074670 -0.0104962 -0.0077939 -0.0013096 -0.0079489 0.0048312 0.0058743 -0.0058219 0.0086088 -0.0094925 -0.0042344 -0.0070813 0.0106132 -0.0020728 -0.0041418 -0.0003765 -0.0011230 0.0019604 -0.0015499 -0.0064568 -0.0072568 -0.0024660 -0.0022079 -0.0003495 -0.0071266 0.0015955 0.0016426 0.0062458 -0.0044994 0.0020164 -0.0087064 0.0097591 -0.0063003 -0.0081020 -0.0079822 -0.0023663 -0.0024144 -0.0049093 -0.0005561 -0.0083688 -0.0092728 0.0000085 -0.0074800 -0.0062894 -0.0092951 -0.0089260 -0.0028549 -0.0007725 -0.0082969 -0.0021003 0.0087881 -0.0078088 -0.0034080 -0.0069680 0.0029828 -0.0039738 -0.0093970 -0.0081105 -0.0008066 -0.0081553 -0.0091495 0.0104097 0.0082999 -0.0081190 -0.0015490 -0.0079929
-0.0253147 0.0076785 1.0532097 0.0566386 0.0069654 0.0467358 0.0099197 -0.0316322 0.0013510 -0.0264461 0.0040369 -0.0361647 -0.0312149 -0.0285007 -0.0273907 -0.0133769 0.0538614 0.0471545 0.0576473 -0.0010651 0.0109903 -0.0295064 -0.0040976 -0.0276549 0.0149188 0.0155698 0.0066445 -0.0275770 -0.0259873 -0.0327726 0.0105671 -0.0059722 -0.0263398 -0.0213062 -0.0315626 0.0043664 0.0104358 -0.0230033 0.0426869 -0.0316634 0.0108810 -0.0012888 0.0166127 0.0234349 0.0039602 0.0319419 -0.0348932 -0.0334126 -0.0385320 -0.0084282 0.0066244 -0.0156627 -0.0241450 0.0022120 -0.0330764 -0.0310523 0.0059242 -0.0009438 -0.0275658 -0.0298976 -0.0139733 -0.0101273 -0.0418333 0.0201610 -0.0273233 -0.0244629 0.0485901 -0.0319016 -0.0341304 -0.0075685 0.0027372 -0.0365744 0.0517784 -0.0275062 -0.0184607 -0.0046212 0.0168168 0.0502172 -0.0032598 -0.0268557 0.0312131 0.0155268 0.0219187 -0.0319430 0.0010235 -0.0169497 0.0139291 -0.0312539 0.0466717 0.0420125 0.0067899 0.0308646 -0.0077236 -0.0053549 0.0081396 0.0533223 0.0118181 0.0257260 -0.0037169 0.0238877 0.0330156 -0.0226118 -0.0256321 0.0284884 0.0385030 -0.0016817 -0.0348483 0.0547322 -0.0144683 0.0135688 0.0522240 0.0013597 0.0042210 -0.0337231 -0.0315473 0.0387780 0.0083147 0.0359764 0.0178124 -0.0335436 -0.0313455 0.0090741 0.0094273 0.0443756 -0.0052860 -0.0395883 -0.0219164 -0.0327974 -0.0316660 0.0008907 -0.0327689 0.0302233 0.0373357 -0.0169551 0.0456249 -0.0289981 -0.0115999 -0.0243295 0.0579071 -0.0105811 -0.0141214 0.0020316 0.0014248 0.0144802 0.0001015 -0.0204881 -0.0328447 -0.0067756 0.0010747 0.0105823 -0.0266151 0.0162504 0.0127392 0.0343483 -0.0065000 0.0135158 -0.0344158 0.0511111 -0.0191712 -0.0268296 -0.0365918 -0.0077350 0.0025245 -0.0113738 -0.0043188 -0.0272517 -0.0336065 0.0188639 -0.0268602 -0.0215444 -0.0339190 -0.0324041 -0.0000074 0.0121266 -0.0366704 -0.0002433 0.0467569 -0.0299087 -0.0059749 -0.0252980 0.0110321 -0.0066626 -0.0353359 -0.0304081 0.0005241 -0.0316631 -0.0331923 0.0510476 0.0432568 -0.0309591 0.0083265 -0.0320917
-0.0272588 0.0103226 0.0566386 1.0590255 0.0064021 0.0512241 0.0134615 -0.0353974 0.0049788 -0.0285090 0.0041835 -0.0374546 -0.0348408 -0.0314081 -0.0290536 -0.0145403 0.0592369 0.0525084 0.0603629 0.0014723 0.0140786 -0.0305148 -0.0046535 -0.0335823 0.0165155 0.0173149 0.0069680 -0.0264465 -0.0264961 -0.0347964 0.0139555 -0.0056426 -0.0290021 -0.0195854 -0.0339339 0.0055712 0.0097738 -0.0243790 0.0465399 -0.0312537 0.0135837 -0.0014335 0.0199511 0.0254508 0.0052688 0.0340246 -0.0383148 -0.0347586 -0.0425714 -0.0080253 0.0086568 -0.0164798 -0.0253021 0.0034865 -0.0359334 -0.0327465 0.0046348 -0.0005017 -0.0303605 -0.0331561 -0.0147826 -0.0088971 -0.0454169 0.0199472 -0.0292062 -0.0261468 0.0550264 -0.0330200 -0.0376424 -0.0053743 0.0030630 -0.0393111 0.0584845 -0.0318915 -0.0210192 -0.0038366 0.0165035 0.0561379 -0.0026813 -0.0313856 0.0356044 0.0186695 0.0224166 -0.0354013 0.0037926 -0.0190931 0.0153597 -0.0330896 0.0522478 0.0475146 0.0067656 0.0343659 -0.0065018 -0.0039426 0.0086537 0.0609288 0.0145510 0.0275578 -0.0031057 0.0256418 0.0389192 -0.0227663 -0.0259812 0.0314558 0.0428850 -0.0030773 -0.0361856 0.0603072 -0.0138977 0.0145290 0.0556727 0.0025807 0.0060348 -0.0353810 -0.0360663 0.0440995 0.0090297 0.0424315 0.0184254 -0.0368249 -0.0336966 0.0091754 0.0107686 0.0470364 -0.0056771 -0.0435424 -0.0240026 -0.0360719 -0.0329460 0.0016985 -0.0343883 0.0350120 0.0403625 -0.0186366 0.0499734 -0.0305242 -0.0113377 -0.0258115 0.0640109 -0.0113306 -0.0157222 0.0009386 0.0017374 0.0181556 0.0011932 -0.0200257 -0.0353074 -0.0067582 0.0018700 0.0143167 -0.0266110 0.0166592 0.0155921 0.0395659 -0.0074690 0.0159581 -0.0356539 0.0568276 -0.0183682 -0.0283590 -0.0402172 -0.0092272 0.0044415 -0.0146820 -0.0023265 -0.0297253 -0.0349892 0.0208030 -0.0287617 -0.0216881 -0.0367937 -0.0361591 0.0006019 0.0136275 -0.0376626 0.0012446 0.0510043 -0.0309868 -0.0038925 -0.0261295 0.0155519 -0.0064319 -0.0367885 -0.0344694 -0.0025267 -0.0330803 -0.0355658 0.0576310 0.0465779 -0.0329166 0.0079824 -0.0337069
-0.0091913 -0.0024579 0.0069654 0.0064021 1.0108813 0.0067279 -0.0009375 -0.0080674 -0.0003069 -0.0054832 -0.0006679 -0.0079463 -0.0092030 -0.0074581 -0.0066379 -0.0040652 0.0058067 0.0043134 0.0080165 -0.0023821 0.0018943 -0.0037870 -0.0017707 -0.0072368 0.0003530 -0.0003440 -0.0015254 -0.0064143 -0.0055157 -0.0092102 0.0006599 -0.0016262 -0.0077678 -0.0039847 -0.0068913 -0.0012224 -0.0023309 -0.0056441 0.0044363 -0.0061153 -0.0012351 -0.0002279 0.0021214 0.0019743 0.0002479 0.0005723 -0.0082293 -0.0083115 -0.0082073 -0.0021000 -0.0025643 -0.0039304 -0.0068734 -0.0007944 -0.0087509 -0.0074101 0.0001130 -0.0005629 -0.0051738 -0.0067758 -0.0052142 -0.0037432 -0.0070106 0.0008480 -0.0065851 -0.0064394 0.0054724 -0.0082325 -0.0073503 -0.0032895 -0.0006994 -0.0063350 0.0049547 -0.0072270 -0.0053692 -0.0036842 -0.0003841 0.0054819 -0.0023132 -0.0061951 0.0039017 0.0005194 0.0020421 -0.0077709 -0.0022301 -0.0041696 0.0018790 -0.0078552 0.0046750 0.0050584 0.0013994 0.0020956 -0.0010738 -0.0031417 -0.0003775 0.0054513 0.0004553 0.0028986 -0.0036798 -0.0001626 0.0019397 -0.0061039 -0.0047447 0.0039150 0.0025747 -0.0025488 -0.0071159 0.0089431 -0.0060154 -0.0003124 0.0057686 -0.0021838 -0.0025744 -0.0073220 -0.0092672 0.0027562 -0.0017418 0.0029380 0.0017100 -0.0079191 -0.0062412 -0.0019022 -0.0017571 0.0042478 -0.0035361 -0.0092945 -0.0056059 -0.0068815 -0.0067517 -0.0004219 -0.0070140 0.0018043 0.0026488 -0.0030239 0.0047153 -0.0074566 -0.0053711 -0.0075044 0.0066746 -0.0026925 -0.0039816 -0.0027481 -0.0032660 -0.0010845 -0.0025498 -0.0053173 -0.0078849 -0.0041784 -0.0025828 0.0007302 -0.0063033 0.0007164 -0.0000127 0.0041219 -0.0038297 -0.0006216 -0.0083812 0.0057961 -0.0083023 -0.0075115 -0.0071517 -0.0012557 -0.0002793 -0.0035540 -0.0021461 -0.0078558 -0.0080286 0.0002342 -0.0067203 -0.0048091 -0.0084229 -0.0067302 -0.0020566 -0.0004829 -0.0070580 -0.0031362 0.0042956 -0.0062393 -0.0011775 -0.0067525 0.0007054 -0.0035806 -0.0072901 -0.0090655 -0.0020235 -0.0076213 -0.0071681 0.0077521 0.0049158 -0.0061291 -0.0002448 -0.0067664
-0.0240806 0.0084031 0.0467358 0.0512241 0.0067279 1.0445614 0.0095632 -0.0280690 0.0028905 -0.0230537 0.0035414 -0.0298094 -0.0305903 -0.0266963 -0.0247690 -0.0118179 0.0474875 0.0423080 0.0490039 0.0003145 0.0122527 -0.0241759 -0.0044759 -0.0246996 0.0133171 0.0145049 0.0049146 -0.0220027 -0.0230406 -0.0297156 0.0086858 -0.0032821 -0.0241037 -0.0182443 -0.0283834 0.0037596 0.0081568 -0.0198099 0.0381296 -0.0265667 0.0103085 0.0008773 0.0152214 0.0202644 0.0031965 0.0273564 -0.0309580 -0.0284100 -0.0357896 -0.0073676 0.0056901 -0.0143108 -0.0204128 0.0020329 -0.0299027 -0.0273961 0.0036723 -0.0010545 -0.0248409 -0.0276589 -0.0118317 -0.0104398 -0.0366596 0.0167128 -0.0230070 -0.0214019 0.0431877 -0.0262671 -0.0318104 -0.0050338 0.0029791 -0.0322866 0.0461263 -0.0235723 -0.0160408 -0.0024840 0.0124205 0.0447962 -0.0019550 -0.0233249 0.0283709 0.0140853 0.0185708 -0.0287318 0.0020025 -0.0147577 0.0120748 -0.0263224 0.0397036 0.0376294 0.0043730 0.0270389 -0.0061834 -0.0040497 0.0058880 0.0480211 0.0115064 0.0213839 -0.0032113 0.0190565 0.0300999 -0.0187472 -0.0204816 0.0253470 0.0359410 -0.0018683 -0.0293326 0.0493663 -0.0111983 0.0101685 0.0448960 0.0028501 0.0042685 -0.0290835 -0.0289240 0.0337546 0.0050612 0.0333761 0.0153785 -0.0305176 -0.0273800 0.0080078 0.0098143 0.0384510 -0.0041412 -0.0333216 -0.0208473 -0.0292799 -0.0263679 0.0016394 -0.0294264 0.0281599 0.0316314 -0.0162329 0.0402017 -0.0251039 -0.0085098 -0.0199685 0.0523609 -0.0075376 -0.0131448 0.0004731 0.0004873 0.0147838 0.0009549 -0.0165283 -0.0286348 -0.0026325 0.0014199 0.0092172 -0.0229338 0.0134100 0.0097866 0.0329030 -0.0063312 0.0121093 -0.0294269 0.0462439 -0.0155558 -0.0240937 -0.0335367 -0.0084307 0.0019766 -0.0108987 -0.0020223 -0.0242022 -0.0303178 0.0164540 -0.0246530 -0.0164245 -0.0304564 -0.0284917 -0.0011593 0.0100018 -0.0320767 0.0003559 0.0423920 -0.0254858 -0.0018889 -0.0214646 0.0124367 -0.0060059 -0.0293921 -0.0278848 -0.0021131 -0.0255660 -0.0305318 0.0456734 0.0374849 -0.0262390 0.0049606 -0.0290888
-0.0077986 -0.0007940 0.0099197 0.0134615 -0.0009375 0.0095632 1.0180310 -0.0087626 -0.0003572 -0.0091199 -0.0014962 -0.0113033 -0.0107481 -0.0094193 -0.0073954 -0.0059338 0.0101432 0.0102118 0.0119102 -0.0003909 0.0000547 -0.0073469 -0.0046167 -0.0100986 0.0038126 0.0009685 0.0003043 -0.0084201 -0.0060491 -0.0119640 -0.0008200 -0.0018450 -0.0074410 -0.0091606 -0.0109734 -0.0022839 0.0005689 -0.0059925 0.0098839 -0.0087762 0.0005443 -0.0036181 0.0037207 0.0030866 -0.0002230 0.0046575 -0.0107133 -0.0104378 -0.0111942 -0.0042202 -0.0015667 -0.0066976 -0.0076553 -0.0008490 -0.0106113 -0.0082553 -0.0014913 -0.0005383 -0.0068801 -0.0084933 -0.0068269 -0.0055878 -0.0118013 0.0027209 -0.0090112 -0.0081391 0.0105001 -0.0092450 -0.0099510 -0.0036380 -0.0027495 -0.0122032 0.0102081 -0.0113152 -0.0052220 -0.0014229 0.0027843 0.0088662 -0.0019526 -0.0094336 0.0048341 0.0026094 0.0026970 -0.0088270 -0.0024764 -0.0042488 0.0007183 -0.0086289 0.0113611 0.0092012 -0.0003776 0.0050575 -0.0033750 -0.0017502 -0.0002303 0.0101188 0.0006826 0.0038987 -0.0039695 0.0022933 0.0064052 -0.0089050 -0.0068773 0.0059526 0.0079797 0.0004303 -0.0103013 0.0115797 -0.0037304 0.0024714 0.0101456 0.0014524 -0.0013117 -0.0107490 -0.0089760 0.0084998 0.0016038 0.0073302 0.0014172 -0.0111914 -0.0094726 -0.0006031 0.0001290 0.0086902 -0.0028332 -0.0090991 -0.0078906 -0.0104347 -0.0088949 -0.0018171 -0.0100243 0.0066991 0.0051261 -0.0048088 0.0102713 -0.0085562 -0.0045806 -0.0069740 0.0107204 -0.0047201 -0.0075565 -0.0023987 -0.0017064 0.0022768 -0.0036503 -0.0090935 -0.0101288 -0.0034122 -0.0033058 0.0013082 -0.0080438 0.0004239 0.0000804 0.0068553 -0.0050627 0.0018818 -0.0091574 0.0113880 -0.0076517 -0.0080223 -0.0106000 -0.0028752 -0.0001189 -0.0063836 -0.0041975 -0.0096635 -0.0102547 0.0013206 -0.0085222 -0.0078850 -0.0117195 -0.0097924 -0.0023434 0.0017097 -0.0110451 -0.0023903 0.0109442 -0.0095835 -0.0025193 -0.0086006 0.0007702 -0.0024065 -0.0112708 -0.0106139 -0.0013628 -0.0099489 -0.0096875 0.0103671 0.0093944 -0.0090824 0.0001210 -0.0090664
0.0112830 -0.0068796 -0.0316322 -0.0353974 -0.0080674 -0.0280690 -0.0087626 1.0156635 -0.0048264 0.0132769 -0.0047891 0.0175807 0.0143387 0.0143028 0.0119356 0.0064390 -0.0321391 -0.0282950 -0.0334743 -0.0022422 -0.0098461 0.0119869 -0.0021920 0.0145780 -0.0114892 -0.0119239 -0.0085472 0.0092470 0.0094266 0.0161930 -0.0078676 -0.0005620 0.0123194 0.0086609 0.0156130 -0.0054381 -0.0090339 0.0085165 -0.0258679 0.0127177 -0.0107667 -0.0033559 -0.0132911 -0.0143832 -0.0041059 -0.0199440 0.0169760 0.0163613 0.0186695 0.0018340 -0.0082010 0.0031368 0.0098410 -0.0030164 0.0159036 0.0131569 -0.0059761 0.0002565 0.0127024 0.0132128 0.0054957 0.0024195 0.0203023 -0.0131900 0.0123581 0.0104234 -0.0322873 0.0126750 0.0171020 0.0000226 -0.0046560 0.0170416 -0.0321647 0.0125491 0.0062648 -0.0008720 -0.0114604 -0.0321547 -0.0013133 0.0133139 -0.0207809 -0.0117910 -0.0139417 0.0144677 -0.0043792 0.0076585 -0.0096096 0.0147586 -0.0282061 -0.0274930 -0.0071311 -0.0198877 0.0016839 -0.0005989 -0.0074648 -0.0339219 -0.0098495 -0.0148834 -0.0018993 -0.0156948 -0.0223344 0.0100517 0.0075533 -0.0182576 -0.0251773 -0.0016630 0.0162546 -0.0337345 0.0042977 -0.0104954 -0.0311789 -0.0044448 -0.0055737 0.0171905 0.0145191 -0.0256433 -0.0075960 -0.0238173 -0.0138057 0.0173144 0.0151512 -0.0104360 -0.0081951 -0.0281998 0.0007808 0.0193454 0.0114320 0.0158820 0.0143624 -0.0031652 0.0152050 -0.0214008 -0.0222904 0.0074265 -0.0265454 0.0141112 0.0044624 0.0106971 -0.0342440 0.0024956 0.0033009 -0.0038206 -0.0031760 -0.0107168 -0.0042588 0.0080533 0.0160664 -0.0009307 -0.0038647 -0.0109987 0.0095936 -0.0129119 -0.0106303 -0.0218058 0.0014211 -0.0106447 0.0180011 -0.0306855 0.0080116 0.0125365 0.0162362 0.0042461 -0.0045072 0.0041364 -0.0009119 0.0112041 0.0160940 -0.0130837 0.0120291 0.0070214 0.0152242 0.0142235 -0.0034288 -0.0096666 0.0191025 -0.0040447 -0.0284763 0.0138182 -0.0037227 0.0104558 -0.0092158 -0.0009631 0.0129409 0.0135222 -0.0035725 0.0133218 0.0158409 -0.0321288 -0.0263774 0.0145639 -0.0071193 0.0155076
-0.0053478 -0.0012658 0.0013510 0.0049788 -0.0003069 0.0028905 -0.0003572 -0.0048264 1.0158973 -0.0050865 -0.0008267 -0.0042438 -0.0055440 -0.0047148 -0.0036603 -0.0020424 0.0034004 0.0036918 0.0035641 -0.0023184 -0.0006397 -0.0055330 -0.0022268 -0.0050103 0.0007453 -0.0004809 -0.0024907 -0.0066844 -0.0025911 -0.0051037 -0.0004712 -0.0031739 -0.0033661 -0.0025718 -0.0033380 -0.0017263 -0.0000760 -0.0035451 0.0031501 -0.0046228 -0.0016135 -0.0030334 -0.0014495 0.0002663 0.0001991 0.0017866 -0.0061895 -0.0062564 -0.0050669 -0.0030322 -0.0018731 -0.0043142 -0.0042587 -0.0010008 -0.0038905 -0.0048614 -0.0023370 -0.0005226 -0.0046386 -0.0068831 -0.0040288 -0.0023502 -0.0054244 0.0001413 -0.0046447 -0.0037170 0.0032435 -0.0041711 -0.0059121 -0.0015756 0.0001149 -0.0044573 0.0038087 -0.0029776 -0.0037524 -0.0038416 -0.0013883 0.0043290 -0.0020692 -0.0049718 0.0005549 0.0005464 0.0002960 -0.0061251 -0.0019357 -0.0036586 -0.0013417 -0.0025947 0.0013307 0.0026522 -0.0025111 0.0016048 -0.0018732 -0.0041662 -0.0025348 0.0034465 -0.0019705 -0.0006660 -0.0021030 0.0006439 0.0008273 -0.0039270 -0.0055507 0.0016859 0.0016042 -0.0009176 -0.0046543 0.0022950 -0.0042164 0.0007249 0.0028468 -0.0017318 -0.0024528 -0.0036963 -0.0047647 0.0023120 -0.0014272 0.0025568 0.0002910 -0.0035141 -0.0049101 -0.0023135 -0.0012654 0.0010310 -0.0011239 -0.0033409 -0.0026471 -0.0047279 -0.0056139 -0.0007353 -0.0042835 -0.0019492 0.0019985 -0.0027208 0.0039442 -0.0044041 -0.0006742 -0.0061914 0.0037276 -0.0025987 -0.0033197 -0.0019011 -0.0001260 0.0011304 -0.0030079 -0.0017396 -0.0041738 -0.0001638 -0.0016569 -0.0018485 -0.0058215 -0.0016095 -0.0007915 0.0010970 -0.0026869 -0.0007690 -0.0035730 0.0034803 -0.0034921 -0.0040801 -0.0051873 -0.0007203 -0.0031551 -0.0033945 -0.0016692 -0.0043749 -0.0045592 0.0001601 -0.0039089 -0.0037942 -0.0047302 -0.0046728 -0.0014187 -0.0003708 -0.0047083 -0.0012702 0.0031821 -0.0041431 -0.0019891 -0.0050696 -0.0016809 -0.0022711 -0.0056460 -0.0056581 -0.0014132 -0.0033231 -0.0054237 0.0046022 0.0033425 -0.0049409 -0.0002260 -0.0048466
0.0079751 -0.0064909 -0.0264461 -0.0285090 -0.0054832 -0.0230537 -0.0091199 0.0132769 -0.0050865 1.0115358 -0.0043876 0.0131729 0.0128183 0.0105124 0.0093452 0.0058096 -0.0282156 -0.0241353 -0.0285204 -0.0016610 -0.0098311 0.0089306 -0.0011278 0.0093062 -0.0096887 -0.0099729 -0.0071766 0.0059732 0.0076897 0.0124473 -0.0088290 -0.0015796 0.0096925 0.0046811 0.0120057 -0.0034539 -0.0076315 0.0069568 -0.0220005 0.0106252 -0.0103890 -0.0037694 -0.0135032 -0.0138757 -0.0045339 -0.0180217 0.0141012 0.0122482 0.0156941 0.0000314 -0.0066372 0.0024257 0.0088824 -0.0041289 0.0113343 0.0090969 -0.0053761 -0.0002889 0.0105473 0.0092081 0.0029730 0.0002290 0.0169051 -0.0114840 0.0071690 0.0073959 -0.0271407 0.0103689 0.0133382 -0.0010094 -0.0032938 0.0137162 -0.0273799 0.0126281 0.0044255 0.0011932 -0.0111618 -0.0258432 -0.0021402 0.0097024 -0.0187538 -0.0106353 -0.0125073 0.0121146 -0.0054556 0.0048400 -0.0086512 0.0136860 -0.0264459 -0.0221064 -0.0063705 -0.0169173 -0.0003558 -0.0019203 -0.0083623 -0.0278712 -0.0083031 -0.0137194 -0.0014716 -0.0142968 -0.0200992 0.0075721 0.0073104 -0.0157771 -0.0228037 -0.0003620 0.0128094 -0.0298480 0.0016358 -0.0095273 -0.0288706 -0.0059543 -0.0064708 0.0111136 0.0109693 -0.0212003 -0.0090260 -0.0215142 -0.0125508 0.0127454 0.0115199 -0.0089893 -0.0066718 -0.0233975 -0.0006697 0.0133453 0.0096741 0.0107482 0.0092777 -0.0030695 0.0118265 -0.0193060 -0.0207806 0.0045052 -0.0237751 0.0103938 0.0000019 0.0065850 -0.0301823 -0.0001189 0.0027635 -0.0048310 -0.0033449 -0.0106481 -0.0040481 0.0052837 0.0129619 0.0004097 -0.0028782 -0.0082918 0.0064021 -0.0103575 -0.0090308 -0.0198146 0.0006880 -0.0094563 0.0139518 -0.0285602 0.0042510 0.0085309 0.0140868 0.0033217 -0.0054393 0.0015266 -0.0011763 0.0106107 0.0122831 -0.0130826 0.0098993 0.0042983 0.0127858 0.0098193 -0.0034886 -0.0104711 0.0155275 -0.0044267 -0.0253874 0.0105155 -0.0009760 0.0078188 -0.0086561 0.0004309 0.0122568 0.0100116 -0.0019325 0.0100520 0.0126291 -0.0275817 -0.0219918 0.0101549 -0.0063040 0.0113099
-0.0038987 0.0004524 0.0040369 0.0041835 -0.0006679 0.0035414 -0.0014962 -0.0047891 -0.0008267 -0.0043876 1.0109199 -0.0040752 -0.0058855 -0.0054242 -0.0040053 -0.0028525 0.0051289 0.0043938 0.0058337 -0.0014946 0.0003476 -0.0049360 -0.0016856 -0.0049310 0.0006635 0.0010095 -0.0019639 -0.0049909 -0.0052937 -0.0047038 -0.0011933 -0.0018572 -0.0044288 -0.0031981 -0.0052842 -0.0018068 -0.0016052 -0.0040445 0.0038408 -0.0055686 -0.0011421 -0.0010801 0.0003706 0.0008160 -0.0004143 0.0018660 -0.0055130 -0.0055099 -0.0065206 -0.0027284 0.0005902 -0.0063225 -0.0055078 -0.0014086 -0.0059971 -0.0041247 0.0004670 -0.0002603 -0.0036042 -0.0050151 -0.0024270 -0.0036691 -0.0072560 -0.0004927 -0.0047164 -0.0037520 0.0037477 -0.0072782 -0.0038537 -0.0022814 -0.0019226 -0.0046567 0.0045046 -0.0058700 -0.0048851 -0.0023038 -0.0000166 0.0043298 -0.0042877 -0.0054153 0.0018253 0.0014419 -0.0006601 -0.0072088 -0.0017515 -0.0032489 -0.0002104 -0.0051592 0.0036335 0.0035125 -0.0014280 0.0013885 -0.0008098 -0.0025343 -0.0016535 0.0035430 -0.0019394 0.0015114 -0.0011097 0.0007173 0.0017592 -0.0049626 -0.0053386 0.0014570 0.0030657 -0.0015274 -0.0065832 0.0050036 -0.0040554 -0.0001699 0.0034193 -0.0006933 -0.0008655 -0.0045111 -0.0034374 0.0030014 -0.0012677 0.0010502 0.0000457 -0.0056865 -0.0052788 -0.0022536 -0.0006071 0.0025832 -0.0025648 -0.0065381 -0.0037079 -0.0063947 -0.0036891 -0.0006194 -0.0044003 0.0012191 0.0037018 -0.0038786 0.0039707 -0.0049991 -0.0029561 -0.0044940 0.0070339 -0.0032081 -0.0046526 -0.0014572 -0.0012754 0.0002276 -0.0033943 -0.0043749 -0.0042936 -0.0009417 -0.0005180 0.0003635 -0.0020414 -0.0004283 -0.0002696 0.0030947 -0.0022370 -0.0006347 -0.0053985 0.0050017 -0.0041428 -0.0050304 -0.0058797 -0.0010803 -0.0013277 -0.0028944 -0.0014741 -0.0051463 -0.0045664 0.0002815 -0.0053910 -0.0058479 -0.0057865 -0.0053434 -0.0007086 -0.0014071 -0.0047416 -0.0019499 0.0048334 -0.0052265 -0.0026507 -0.0039934 0.0002659 -0.0012957 -0.0052862 -0.0053667 -0.0017908 -0.0045430 -0.0051613 0.0044325 0.0037834 -0.0056213 -0.0010379 -0.0048110
0.0129473 -0.0089765 -0.0361647 -0.0374546 -0.0079463 -0.0298094 -0.0113033 0.0175807 -0.0042438 0.0131729 -0.0040752 1.0154564 0.0179251 0.0163832 0.0137050 0.0069379 -0.0336986 -0.0316712 -0.0356977 -0.0027625 -0.0108518 0.0134853 -0.0017601 0.0170405 -0.0116874 -0.0119159 -0.0097796 0.0117695 0.0125955 0.0170309 -0.0082423 -0.0002084 0.0130400 0.0090677 0.0172137 -0.0054293 -0.0086073 0.0091513 -0.0289322 0.0160176 -0.0112083 -0.0034723 -0.0151714 -0.0181379 -0.0052927 -0.0233405 0.0191643 0.0184401 0.0212822 0.0008458 -0.0070744 0.0049513 0.0112670 -0.0037712 0.0169558 0.0154518 -0.0049518 0.0000674 0.0140144 0.0145756 0.0035545 0.0040740 0.0224468 -0.0118960 0.0130054 0.0107204 -0.0349468 0.0152462 0.0201935 0.0012118 -0.0035072 0.0194463 -0.0339288 0.0167656 0.0064024 -0.0005238 -0.0118199 -0.0347672 -0.0005877 0.0143303 -0.0235421 -0.0127763 -0.0156952 0.0172830 -0.0049526 0.0089025 -0.0094517 0.0181088 -0.0329114 -0.0307848 -0.0078044 -0.0219144 0.0004501 0.0001766 -0.0085530 -0.0373655 -0.0095131 -0.0183335 -0.0035235 -0.0159247 -0.0241871 0.0106995 0.0115517 -0.0206891 -0.0280421 -0.0022225 0.0191627 -0.0372982 0.0053172 -0.0102359 -0.0344869 -0.0051485 -0.0058329 0.0167927 0.0165107 -0.0254649 -0.0101983 -0.0270095 -0.0152558 0.0175309 0.0158060 -0.0103064 -0.0083788 -0.0309944 0.0011581 0.0206721 0.0121468 0.0159773 0.0176959 -0.0036065 0.0160597 -0.0246491 -0.0253053 0.0081726 -0.0289031 0.0154271 0.0031578 0.0113982 -0.0374130 0.0012360 0.0038919 -0.0033472 -0.0019700 -0.0110600 -0.0030419 0.0094229 0.0176079 0.0018713 -0.0049477 -0.0107870 0.0114747 -0.0117764 -0.0109404 -0.0240154 0.0034625 -0.0116267 0.0182435 -0.0347995 0.0075770 0.0122036 0.0182960 0.0043576 -0.0050617 0.0042505 -0.0005137 0.0131999 0.0196867 -0.0139851 0.0123905 0.0079953 0.0163630 0.0169493 -0.0026819 -0.0103086 0.0206610 -0.0021588 -0.0317998 0.0137475 -0.0022982 0.0106299 -0.0105162 0.0014326 0.0162873 0.0174130 -0.0024324 0.0141477 0.0175057 -0.0330484 -0.0271183 0.0149041 -0.0070488 0.0158577
0.0096593 -0.0085757 -0.0312149 -0.0348408 -0.0092030 -0.0305903 -0.0107481 0.0143387 -0.0055440 0.0128183 -0.0058855 0.0179251 1.0192767 0.0124325 0.0102738 0.0046923 -0.0324700 -0.0279652 -0.0330723 -0.0034330 -0.0119233 0.0096632 -0.0023660 0.0123380 -0.0121522 -0.0123598 -0.0086658 0.0095339 0.0092781 0.0144059 -0.0093029 -0.0007947 0.0115769 0.0067698 0.0150776 -0.0053336 -0.0082241 0.0086637 -0.0239093 0.0127913 -0.0110625 -0.0041240 -0.0124872 -0.0158683 -0.0048473 -0.0227205 0.0146939 0.0151663 0.0204459 0.0019133 -0.0070954 0.0050698 0.0106153 -0.0047474 0.0142351 0.0125590 -0.0055356 -0.0000112 0.0116479 0.0120133 0.0048283 0.0026403 0.0194743 -0.0132362 0.0123830 0.0100927 -0.0293116 0.0121797 0.0146434 -0.0001682 -0.0051674 0.0182219 -0.0313835 0.0130359 0.0070339 0.0008456 -0.0102566 -0.0324934 -0.0017909 0.0130692 -0.0226146 -0.0105828 -0.0151490 0.0136849 -0.0038072 0.0069460 -0.0104023 0.0160974 -0.0296645 -0.0269304 -0.0080827 -0.0191322 0.0002184 -0.0018361 -0.0092373 -0.0343353 -0.0103734 -0.0175167 -0.0002657 -0.0151526 -0.0224499 0.0089450 0.0118976 -0.0196578 -0.0265488 -0.0013703 0.0181320 -0.0338551 0.0031723 -0.0111779 -0.0297331 -0.0049867 -0.0053574 0.0144989 0.0143004 -0.0253907 -0.0062250 -0.0236059 -0.0159628 0.0129306 0.0137608 -0.0115617 -0.0082492 -0.0277089 -0.0002866 0.0161485 0.0093022 0.0135903 0.0147281 -0.0050838 0.0137420 -0.0216791 -0.0231596 0.0062159 -0.0274980 0.0119541 0.0029732 0.0093766 -0.0349742 0.0005659 0.0046659 -0.0027302 -0.0040279 -0.0110724 -0.0038705 0.0065056 0.0138185 -0.0000067 -0.0044345 -0.0091137 0.0086818 -0.0122058 -0.0099741 -0.0235004 0.0007815 -0.0118752 0.0158565 -0.0319558 0.0048977 0.0113897 0.0173309 0.0040286 -0.0050005 0.0050958 -0.0014802 0.0136035 0.0157120 -0.0136689 0.0104996 0.0080471 0.0151349 0.0136009 -0.0033171 -0.0098197 0.0184742 -0.0025138 -0.0283842 0.0121704 -0.0025220 0.0102709 -0.0105364 0.0022468 0.0126977 0.0123494 -0.0033885 0.0124470 0.0138734 -0.0318079 -0.0265535 0.0120736 -0.0073800 0.0143596
0.0087625 -0.0070087 -0.0285007 -0.0314081 -0.0074581 -0.0266963 -0.0094193 0.0143028 -0.0047148 0.0105124 -0.0054242 0.0163832 0.0124325 1.0207845 0.0103866 0.0037244 -0.0300730 -0.0280148 -0.0297010 -0.0030085 -0.0106063 0.0100658 -0.0019471 0.0137892 -0.0103979 -0.0100264 -0.0089561 0.0086295 0.0105061 0.0132402 -0.0086634 -0.0015242 0.0118163 0.0066718 0.0142406 -0.0046761 -0.0065424 0.0064509 -0.0237860 0.0096799 -0.0080364 -0.0014018 -0.0134921 -0.0137537 -0.0060855 -0.0193063 0.0153513 0.0130036 0.0170113 0.0028969 -0.0052998 0.0051997 0.0082977 -0.0046051 0.0138064 0.0118815 -0.0054469 0.0000948 0.0121850 0.0118377 0.0065578 0.0042827 0.0173501 -0.0136560 0.0083920 0.0071700 -0.0274223 0.0127712 0.0141367 0.0002822 -0.0044863 0.0162320 -0.0279696 0.0099486 0.0064364 -0.0010172 -0.0092783 -0.0287070 -0.0031222 0.0128585 -0.0192077 -0.0108932 -0.0133715 0.0127539 -0.0031362 0.0053351 -0.0101984 0.0115195 -0.0277149 -0.0258804 -0.0046149 -0.0164172 0.0001019 -0.0026304 -0.0079424 -0.0308912 -0.0083591 -0.0137248 -0.0027159 -0.0152216 -0.0207729 0.0092155 0.0097422 -0.0181289 -0.0227843 -0.0027578 0.0124343 -0.0301869 0.0039440 -0.0103997 -0.0288148 -0.0046428 -0.0064827 0.0142026 0.0136025 -0.0247282 -0.0088315 -0.0226350 -0.0119916 0.0138474 0.0140524 -0.0071844 -0.0070575 -0.0269372 0.0007693 0.0178509 0.0107771 0.0124129 0.0127208 -0.0044103 0.0119346 -0.0230652 -0.0225784 0.0046568 -0.0249727 0.0127276 0.0023262 0.0079579 -0.0322941 0.0024203 0.0041495 -0.0036556 -0.0027085 -0.0093481 -0.0017366 0.0071509 0.0138869 -0.0010800 -0.0050130 -0.0118482 0.0113996 -0.0106752 -0.0111624 -0.0231112 0.0014468 -0.0086633 0.0154140 -0.0292741 0.0051328 0.0093466 0.0163111 0.0027607 -0.0043335 0.0027721 -0.0005411 0.0129350 0.0145087 -0.0117278 0.0106521 0.0079406 0.0143790 0.0142056 -0.0026213 -0.0080648 0.0169234 -0.0021033 -0.0283224 0.0120568 -0.0041957 0.0089563 -0.0071993 -0.0000695 0.0138689 0.0144179 -0.0047645 0.0116306 0.0131155 -0.0300945 -0.0247382 0.0121042 -0.0061658 0.0120974
0.0083856 -0.0061401 -0.0273907 -0.0290536 -0.0066379 -0.0247690 -0.0073954 0.0119356 -0.0036603 0.0093452 -0.0040053 0.0137050 0.0102738 0.0103866 1.0139555 0.0039399 -0.0266806 -0.0232449 -0.0270662 -0.0019473 -0.0076023 0.0085293 -0.0011830 0.0097919 -0.0079690 -0.0100677 -0.0065488 0.0097624 0.0084249 0.0121684 -0.0079676 -0.0007465 0.0092766 0.0056092 0.0112400 -0.0037157 -0.0062176 0.0080530 -0.0216072 0.0095849 -0.0086832 -0.0019695 -0.0114483 -0.0136806 -0.0049104 -0.0169187 0.0129670 0.0127002 0.0157731 -0.0003420 -0.0052073 0.0022325 0.0080707 -0.0040356 0.0119251 0.0129904 -0.0042321 0.0001889 0.0104907 0.0103694 0.0037734 0.0024209 0.0163161 -0.0116649 0.0089568 0.0073668 -0.0255977 0.0113021 0.0143491 -0.0005895 -0.0022314 0.0143536 -0.0250758 0.0108139 0.0058046 -0.0016766 -0.0099470 -0.0263619 -0.0013699 0.0106281 -0.0178460 -0.0099839 -0.0112764 0.0122429 -0.0029477 0.0056421 -0.0077863 0.0124104 -0.0234218 -0.0236801 -0.0068108 -0.0167911 -0.0005417 -0.0005139 -0.0072552 -0.0284910 -0.0088234 -0.0133880 0.0001099 -0.0136164 -0.0183041 0.0082943 0.0058349 -0.0148942 -0.0216754 -0.0027106 0.0127559 -0.0275722 0.0035323 -0.0072751 -0.0274583 -0.0033177 -0.0056539 0.0143386 0.0118453 -0.0215941 -0.0082352 -0.0202574 -0.0105575 0.0117177 0.0120143 -0.0091599 -0.0074039 -0.0229403 -0.0001643 0.0152835 0.0087908 0.0106636 0.0119154 -0.0028700 0.0115749 -0.0183773 -0.0183987 0.0052000 -0.0215151 0.0088395 0.0011089 0.0068237 -0.0290823 -0.0004223 0.0026041 -0.0024783 -0.0031075 -0.0098096 -0.0019281 0.0054848 0.0127138 0.0004959 -0.0035446 -0.0084582 0.0086659 -0.0094569 -0.0087164 -0.0191860 -0.0000371 -0.0084780 0.0132832 -0.0262455 0.0063498 0.0099760 0.0139733 0.0029266 -0.0053339 0.0045951 -0.0009492 0.0102605 0.0128980 -0.0117029 0.0105645 0.0042897 0.0129759 0.0136788 -0.0011945 -0.0095835 0.0151606 -0.0025158 -0.0238616 0.0099412 -0.0034768 0.0090904 -0.0068424 -0.0001191 0.0111205 0.0117699 -0.0021024 0.0109462 0.0120773 -0.0259000 -0.0213321 0.0107663 -0.0059477 0.0111405
0.0034734 -0.0056283 -0.0133769 -0.0145403 -0.0040652 -0.0118179 -0.0059338 0.0064390 -0.0020424 0.0058096 -0.0028525 0.0069379 0.0046923 0.0037244 0.0039399 1.0060147 -0.0136657 -0.0128356 -0.0142391 -0.0025734 -0.0063748 0.0041043 -0.0004020 0.0049250 -0.0053185 -0.0044383 -0.0039557 0.0029383 0.0034707 0.0053645 -0.0040737 -0.0008063 0.0040385 0.0027028 0.0064314 -0.0019997 -0.0051014 0.0030312 -0.0113654 0.0046904 -0.0062160 -0.0027014 -0.0074998 -0.0065504 -0.0026626 -0.0102275 0.0070286 0.0064632 0.0065059 -0.0006587 -0.0042883 -0.0004201 0.0025556 -0.0016526 0.0057336 0.0038693 -0.0015214 0.0001893 0.0055086 0.0038890 0.0006026 -0.0005558 0.0078934 -0.0064164 0.0051964 0.0037285 -0.0142707 0.0037198 0.0054275 0.0006268 -0.0031282 0.0080224 -0.0143753 0.0026306 0.0001074 -0.0015203 -0.0050886 -0.0126416 -0.0020854 0.0045689 -0.0096018 -0.0053037 -0.0064302 0.0063277 -0.0021907 0.0021566 -0.0043667 0.0058565 -0.0117312 -0.0127192 -0.0039319 -0.0081661 0.0008836 0.0003268 -0.0048423 -0.0138243 -0.0039634 -0.0074890 -0.0013070 -0.0072123 -0.0092168 0.0021020 0.0018825 -0.0079075 -0.0110184 -0.0010041 0.0052805 -0.0146412 0.0013905 -0.0052674 -0.0143679 -0.0014689 -0.0046589 0.0060956 0.0050091 -0.0122560 -0.0042759 -0.0113836 -0.0059531 0.0056189 0.0072530 -0.0049871 -0.0029419 -0.0115055 -0.0004577 0.0073656 0.0037261 0.0051647 0.0046889 -0.0019120 0.0051846 -0.0093608 -0.0103754 0.0031727 -0.0107198 0.0046399 0.0015059 0.0030551 -0.0161364 0.0006276 0.0017740 -0.0010447 -0.0026074 -0.0039274 -0.0026164 0.0023979 0.0047438 -0.0000537 -0.0029984 -0.0065143 0.0025600 -0.0056329 -0.0052925 -0.0109287 -0.0000442 -0.0045891 0.0058776 -0.0143215 0.0003705 0.0037291 0.0048607 0.0013497 -0.0040026 -0.0001791 0.0007757 0.0032550 0.0061549 -0.0075103 0.0028614 0.0019061 0.0073923 0.0062175 -0.0017615 -0.0056396 0.0076085 -0.0014590 -0.0122870 0.0043189 -0.0005366 0.0038593 -0.0039995 -0.0003288 0.0053046 0.0042508 -0.0021102 0.0040150 0.0061737 -0.0142452 -0.0109172 0.0054824 -0.0037685 0.0064013
-0.0244279 0.0096232 0.0538614 0.0592369 0.0058067 0.0474875 0.0101432 -0.0321391 0.0034004 -0.0282156 0.0051289 -0.0336986 -0.0324700 -0.0300730 -0.0266806 -0.0136657 1.0528060 0.0468502 0.0557204 -0.0006931 0.0130671 -0.0275626 -0.0056112 -0.0298146 0.0146294 0.0158266 0.0076483 -0.0252984 -0.0256067 -0.0323585 0.0131542 -0.0044467 -0.0266943 -0.0181785 -0.0314487 0.0046697 0.0084859 -0.0241945 0.0421647 -0.0285572 0.0111357 -0.0015666 0.0171192 0.0245010 0.0048920 0.0328019 -0.0357716 -0.0317547 -0.0396548 -0.0087432 0.0071491 -0.0165623 -0.0223557 0.0024782 -0.0320908 -0.0298025 0.0046058 -0.0010909 -0.0272727 -0.0301225 -0.0132181 -0.0093076 -0.0419037 0.0198893 -0.0250965 -0.0245429 0.0487281 -0.0308988 -0.0350926 -0.0061147 0.0029704 -0.0360563 0.0523062 -0.0281981 -0.0190370 -0.0027636 0.0156019 0.0503094 -0.0003863 -0.0305533 0.0314764 0.0166037 0.0192634 -0.0331629 0.0019436 -0.0161188 0.0151526 -0.0312848 0.0466929 0.0421900 0.0052799 0.0313258 -0.0057257 -0.0048430 0.0082130 0.0578741 0.0116999 0.0242797 -0.0027362 0.0227225 0.0343352 -0.0212108 -0.0260757 0.0291081 0.0400294 -0.0036764 -0.0350720 0.0561715 -0.0136013 0.0125792 0.0507435 0.0033752 0.0048054 -0.0339584 -0.0336893 0.0387807 0.0062429 0.0363238 0.0195033 -0.0341763 -0.0311464 0.0092287 0.0090033 0.0420157 -0.0054214 -0.0395403 -0.0217252 -0.0332629 -0.0303079 0.0014071 -0.0311284 0.0330477 0.0369987 -0.0155857 0.0460705 -0.0277843 -0.0118897 -0.0245711 0.0595725 -0.0085287 -0.0152966 -0.0000802 0.0020155 0.0176711 -0.0005022 -0.0184322 -0.0324716 -0.0061475 0.0013125 0.0110382 -0.0249446 0.0159731 0.0110800 0.0368369 -0.0070090 0.0136760 -0.0326218 0.0531223 -0.0183457 -0.0284582 -0.0360420 -0.0081364 0.0033462 -0.0128319 -0.0032408 -0.0282844 -0.0345736 0.0179907 -0.0261555 -0.0191849 -0.0323863 -0.0335907 0.0008779 0.0123880 -0.0351807 0.0010784 0.0473131 -0.0289697 -0.0034074 -0.0250672 0.0133931 -0.0078368 -0.0332546 -0.0310632 -0.0008495 -0.0303357 -0.0338602 0.0512973 0.0416635 -0.0291719 0.0060216 -0.0322086
-0.0235050 0.0078347 0.0471545 0.0525084 0.0043134 0.0423080 0.0102118 -0.0282950 0.0036918 -0.0241353 0.0043938 -0.0316712 -0.0279652 -0.0280148 -0.0232449 -0.0128356 0.0468502 1.0389165 0.0485749 0.0006606 0.0129688 -0.0279770 -0.0044272 -0.0272064 0.0132485 0.0143251 0.0066783 -0.0236328 -0.0232516 -0.0290667 0.0100405 -0.0030132 -0.0250380 -0.0173161 -0.0296872 0.0054061 0.0085880 -0.0202242 0.0376198 -0.0249836 0.0073822 -0.0021206 0.0155364 0.0218176 0.0052448 0.0274737 -0.0328505 -0.0299233 -0.0353019 -0.0063590 0.0063108 -0.0147292 -0.0217419 0.0023085 -0.0307455 -0.0278241 0.0034679 -0.0004271 -0.0251113 -0.0275235 -0.0116740 -0.0096672 -0.0360584 0.0160468 -0.0242972 -0.0225501 0.0427901 -0.0277085 -0.0314847 -0.0043010 0.0024213 -0.0327788 0.0466370 -0.0248578 -0.0181773 -0.0032858 0.0137494 0.0460410 -0.0014154 -0.0256024 0.0294034 0.0149350 0.0168397 -0.0289819 0.0015441 -0.0149675 0.0134615 -0.0281612 0.0429015 0.0391270 0.0058436 0.0262019 -0.0046310 -0.0042227 0.0056296 0.0470267 0.0105459 0.0216940 -0.0017251 0.0185186 0.0304573 -0.0215595 -0.0224004 0.0275907 0.0338803 -0.0011946 -0.0313805 0.0491243 -0.0134616 0.0112847 0.0435171 0.0028100 0.0037660 -0.0295274 -0.0277780 0.0355401 0.0042406 0.0334656 0.0167490 -0.0320695 -0.0279484 0.0069157 0.0084967 0.0378857 -0.0050228 -0.0347122 -0.0209278 -0.0297060 -0.0280651 0.0019354 -0.0294804 0.0301320 0.0331449 -0.0142423 0.0408852 -0.0265508 -0.0087883 -0.0213702 0.0520562 -0.0057405 -0.0145063 -0.0006910 0.0006196 0.0136499 -0.0000491 -0.0177496 -0.0275132 -0.0049261 0.0016489 0.0119277 -0.0233384 0.0132093 0.0135815 0.0327035 -0.0083260 0.0128161 -0.0292969 0.0463153 -0.0162215 -0.0235889 -0.0328509 -0.0069961 0.0012875 -0.0120911 -0.0023768 -0.0256926 -0.0300461 0.0154997 -0.0245854 -0.0178335 -0.0285498 -0.0301124 0.0000554 0.0106688 -0.0325996 0.0002786 0.0429128 -0.0254437 -0.0021140 -0.0227258 0.0113871 -0.0043032 -0.0297720 -0.0286134 -0.0021096 -0.0259381 -0.0293400 0.0480016 0.0401691 -0.0276827 0.0051032 -0.0284152
-0.0276416 0.0110626 0.0576473 0.0603629 0.0080165 0.0490039 0.0119102 -0.0334743 0.0035641 -0.0285204 0.0058337 -0.0356977 -0.0330723 -0.0297010 -0.0270662 -0.0142391 0.0557204 0.0485749 1.0471988 0.0007837 0.0134454 -0.0282339 -0.0037590 -0.0293291 0.0166200 0.0157204 0.0084850 -0.0267488 -0.0264027 -0.0351918 0.0120678 -0.0046690 -0.0268424 -0.0197332 -0.0321278 0.0055618 0.0117371 -0.0235556 0.0442308 -0.0311227 0.0145942 -0.0011298 0.0179193 0.0260418 0.0040033 0.0330385 -0.0354371 -0.0348471 -0.0402346 -0.0091875 0.0066499 -0.0157870 -0.0233777 0.0037012 -0.0340381 -0.0307757 0.0062347 -0.0007853 -0.0273494 -0.0330104 -0.0137070 -0.0105867 -0.0421917 0.0209781 -0.0259705 -0.0252678 0.0533518 -0.0320497 -0.0369280 -0.0046740 0.0021609 -0.0373272 0.0554208 -0.0295729 -0.0185047 -0.0033244 0.0153955 0.0546801 -0.0017956 -0.0291347 0.0342529 0.0169849 0.0224860 -0.0318871 0.0024101 -0.0167817 0.0154864 -0.0320072 0.0502897 0.0464269 0.0063358 0.0331706 -0.0059624 -0.0042294 0.0075458 0.0585498 0.0155678 0.0259353 -0.0024046 0.0244112 0.0357397 -0.0222481 -0.0251734 0.0308610 0.0419589 -0.0022882 -0.0343125 0.0580069 -0.0134076 0.0141404 0.0529190 0.0041405 0.0050745 -0.0347014 -0.0327363 0.0413414 0.0082378 0.0404174 0.0199116 -0.0356188 -0.0306972 0.0101451 0.0123596 0.0472431 -0.0056380 -0.0390872 -0.0233183 -0.0351838 -0.0316530 0.0028382 -0.0323226 0.0348093 0.0387351 -0.0176504 0.0468724 -0.0286491 -0.0111450 -0.0238686 0.0614419 -0.0097848 -0.0152284 0.0021464 0.0012411 0.0174105 0.0005869 -0.0193094 -0.0325824 -0.0056133 0.0003249 0.0125696 -0.0253520 0.0175253 0.0139691 0.0385256 -0.0083345 0.0147054 -0.0344349 0.0532387 -0.0196499 -0.0282347 -0.0375470 -0.0081834 0.0039914 -0.0120088 -0.0014725 -0.0277903 -0.0331991 0.0203838 -0.0261045 -0.0191096 -0.0343549 -0.0340018 -0.0007128 0.0123116 -0.0365732 0.0019114 0.0492847 -0.0296560 -0.0024853 -0.0240121 0.0133546 -0.0067825 -0.0346043 -0.0324218 -0.0010123 -0.0306445 -0.0326879 0.0542696 0.0448493 -0.0303038 0.0078570 -0.0329564
