0.9268827 -0.0040328 0.0009187 0.0023294 -0.0560691 0.0233209 0.0683610 0.0274053 0.0121473 -0.0097480 -0.0502860 0.0341466 -0.0061316 -0.0242833 -0.0386202 0.0025561 0.0072528 0.0373540 0.0306901 -0.0112010 0.0337961 -0.0403086 -0.0338137 0.0209834 0.0069737 0.0251072 -0.0248634 0.0213949 -0.0136307 0.0112446 -0.0006894 0.0325438 -0.0685733 -0.0180761 -0.0256632 0.0358326 0.0525544 -0.0231417 0.0509870 -0.0497652 0.0110803 -0.0355943 -0.0283691 0.0190100 0.0008616 -0.0208432 0.0125412 0.0375913 -0.0375290 0.0162207 0.0146705 0.0085623 -0.0100302 -0.0279412 0.0257483 -0.0641203 -0.0243288 0.0663740 -0.0431212 0.0727385 -0.0242624 0.0427164 0.0063511 -0.0167229 -0.0184646 -0.0046308 -0.0539359 0.0165357 0.0129576 -0.0254375 -0.0010995 0.0524313 0.0072048 0.0104349 0.0146881 -0.0172516 -0.0639003 -0.0568258 -0.0180709 -0.0079378 -0.0097520 -0.0315756 0.0186842 -0.0008179 -0.0236296 0.0054110 -0.0491941 -0.0242324 -0.0220012 -0.0274885 0.0273683 -0.0000156 -0.0368910 -0.0095982 0.0183624 0.0198821 -0.0213539 -0.0141696 -0.0016752 0.0369525 0.0068036 -0.0146585 0.0131120 0.0327345 -0.0152054 -0.0283184 0.0166758 -0.0441800 -0.0220560 -0.0006241 0.0259715 0.0031574 -0.0390261 -0.0692603 0.0241970 -0.0645465 -0.0054405 -0.0025945 0.0107054 -0.0192088 -0.0465207 0.0100566 0.0439423 -0.0545650 -0.0311567 0.0307185 0.0084670 -0.0255690 -0.0288582 -0.0165762 -0.0231067 -0.0219298 0.0051358 -0.0501462 -0.0352875 -0.0307728 0.0553835 0.0422879 -0.0302316 -0.0425758 0.0131531 -0.0507168 -0.0246983 -0.0094926 -0.0221588 0.0190559 0.0347395 -0.0342540 0.0148213 0.0102830 0.0166686 0.0471253 -0.0448956 0.0201864 0.0263221 -0.0035333 -0.0065921 0.0291866 0.0012299 -0.0084443 -0.0168971 0.0168596 -0.0232025 0.0239998 -0.0220905 0.0648901 0.0217500 -0.0377505 0.0412310 0.0006214 0.0480715 -0.0159846 0.0013867 -0.0353015 0.0392285 0.0179995 0.0187591 -0.0512033 -0.0841047 0.0666194 -0.0480765 0.0218410 -0.0335831 0.0140245 -0.0116044 0.0615152 -0.0097502 0.0101906 0.0442132 -0.0046157 -0.0527956 -0.0165488
-0.0040328 0.8258363 0.0029027 0.0281266 -0.0112157 -0.0383054 -0.0184144 -0.0199380 -0.0130172 0.0082685 -0.0117532 0.0044311 -0.0086235 -0.0314484 -0.0011904 0.0077687 0.0153273 0.0061188 0.0139349 -0.0285278 0.0276352 -0.0110018 -0.0109164 0.0003365 0.0117451 0.0265916 -0.0113778 -0.0064331 -0.0281901 0.0151264 0.0419574 -0.0485910 0.0158231 0.0054859 -0.0438328 0.0024521 -0.0358381 -0.0132552 -0.0063910 -0.0122611 0.0288478 -0.0257926 -0.0156088 -0.0004006 -0.0238430 0.0378707 -0.0583482 0.0088534 0.0069772 -0.0030010 -0.0002596 -0.0067134 -0.0038909 0.0014380 -0.0268748 0.0353607 -0.0049652 0.0228723 -0.0129337 0.0340600 -0.0083056 -0.0107310 -0.0093410 -0.0225369 -0.0040325 0.0538596 0.0277270 -0.0363339 0.0487578 0.0115092 -0.0307401 -0.0734027 0.0099018 -0.0165782 -0.0279244 0.0268001 -0.0209190 -0.0182490 -0.0177315 0.0303751 -0.0011688 0.0297481 -0.0010115 0.0249701 0.0027131 -0.0097226 -0.0210705 0.0399026 -0.0461564 -0.0407010 -0.0122532 -0.0201296 0.0234085 0.0141388 0.0323956 0.0412479 -0.0023577 0.0134073 0.0677486 0.0164989 0.0474016 0.0136821 0.0086782 0.0314711 0.0153757 -0.0275134 -0.0009517 -0.0617607 -0.0212180 0.0057571 -0.0127606 0.0001215 -0.0106486 -0.0389516 -0.0506309 -0.0111219 -0.0244995 -0.0063799 0.0609706 0.0153626 -0.0162885 0.0043575 0.0423630 0.0145972 0.0238979 0.0234577 -0.0059275 0.0038386 -0.0224201 0.0132702 0.0110698 -0.0471001 -0.0318347 -0.0050848 0.0068837 0.0117060 0.0197955 -0.0326255 -0.0174230 0.0026202 0.0203284 -0.0043619 -0.0216652 0.0170464 -0.0581050 -0.0135077 0.0167698 -0.0020797 0.0438978 -0.0101835 0.0177254 -0.0284930 -0.0132951 -0.0080198 -0.0129556 -0.0041084 0.0236442 -0.0137021 -0.0123896 0.0245212 0.0098301 0.0010469 -0.0473750 -0.0147547 -0.0185473 -0.0438226 -0.0283405 -0.0329835 -0.0014123 -0.0245356 0.0131128 -0.0408295 0.0202913 0.0186749 -0.0009539 0.0181813 -0.0170675 -0.0028257 -0.0276961 0.0424586 -0.0187801 -0.0223457 -0.0441344 0.0317923 0.0212270 -0.0156875 0.0148294 0.0237743 -0.0016007 -0.0250059 -0.0284219 -0.0131409
0.0009187 0.0029027 0.8994144 -0.0066787 -0.0311066 -0.0053111 -0.0100989 -0.0022130 -0.0089691 -0.0266831 -0.0029103 -0.0179645 -0.0421709 0.0945042 -0.0038023 -0.0608888 -0.0443674 0.0311491 -0.0142956 -0.0318175 -0.0159206 0.0404588 0.0141206 0.0097446 -0.0236288 -0.0472006 0.0224985 0.0086053 -0.0307744 -0.0195235 -0.0011991 -0.0283636 0.0060128 -0.0243686 0.0225205 -0.0084072 -0.0694266 0.0144500 -0.0438539 0.0533156 -0.0144960 -0.0050888 -0.0258136 -0.0132278 -0.0123231 0.0434120 -0.0160082 -0.0066770 0.0056010 0.0267242 0.0188499 -0.0492770 -0.0202825 0.0263177 0.0213193 -0.0167320 0.0037433 -0.0264133 0.0513734 -0.0050183 0.0186739 0.0185615 0.0231258 0.0257938 -0.0298513 0.0052738 -0.0246142 0.0108853 -0.0159302 0.0478277 -0.0086891 -0.0156847 -0.0239897 -0.0415174 0.0079690 0.0558458 0.0402904 0.0434455 0.0450085 -0.0185506 0.0146060 0.0183572 0.0048946 0.0124451 -0.0179229 0.0073189 0.0052838 0.0383198 -0.0232025 0.0097204 -0.0135496 0.0224737 -0.0004101 -0.0037451 0.0559012 -0.0157898 -0.0358509 -0.0198990 0.0077967 -0.0267482 0.0021026 0.0067320 0.0040641 -0.0361461 -0.0469172 -0.0245793 0.0011361 -0.0651901 -0.0252858 0.0194815 -0.0204017 -0.0398068 0.0386957 0.0730452 -0.0383734 0.0501072 -0.0266112 -0.0139240 -0.0284235 -0.0064566 0.0188343 0.0165861 -0.0273990 -0.0212145 0.0245345 -0.0086505 -0.0294309 -0.0358374 0.0234015 -0.0440407 0.0122692 -0.0589814 -0.0052790 0.0041707 0.0037003 0.0119474 0.0042422 -0.0352009 0.0111316 -0.0155490 -0.0322087 0.0094589 0.0006531 -0.0252243 0.0167491 0.0536622 -0.0471192 -0.0097916 -0.0661719 -0.0286918 0.0289293 0.0121613 0.0438664 -0.0312761 -0.0058377 0.0315588 0.0274459 0.0283667 -0.0306533 -0.0291298 -0.0477062 -0.0120329 -0.0411407 -0.0252647 -0.0486751 0.0166565 -0.0015526 -0.0084205 -0.0047883 -0.0050954 0.0315285 -0.0032977 -0.0040060 0.0107636 -0.0178126 -0.0437903 -0.0160946 0.0225870 0.0326272 -0.0101750 0.0009553 -0.0298827 0.0383198 0.0810899 0.0069452 0.0090412 -0.0135532 -0.0166238 -0.0320131 -0.0425301 0.0082075 0.0176041
0.0023294 0.0281266 -0.0066787 0.9631466 -0.0030747 0.0103598 -0.0189885 0.0213239 0.0212284 0.0082662 -0.0066913 -0.0069153 -0.0059094 -0.0237563 0.0376293 0.0085528 0.0055570 -0.0268361 -0.0101682 0.0275530 -0.0093652 -0.0066462 0.0054416 -0.0252775 0.0375238 0.0119491 -0.0160216 0.0414828 -0.0034930 -0.0108856 -0.0448557 0.0104365 -0.0060091 -0.0534228 -0.0146099 0.0249354 0.0025606 -0.0274779 -0.0264770 0.0167501 0.0078018 -0.0750949 -0.0099718 -0.0348063 -0.0446965 -0.0699833 0.0105133 0.0161780 0.0199764 -0.0100265 -0.0195059 0.0210374 -0.0150407 -0.0380909 -0.0505790 0.0151403 0.0123517 0.0288859 -0.0343204 0.0513076 0.0366273 -0.0044654 -0.0061846 -0.0141305 -0.0281738 -0.0113184 -0.0393846 -0.0267533 -0.0269067 0.0092799 0.0354655 0.0451105 -0.0022338 -0.0143949 0.0283542 -0.0141171 -0.0209334 -0.0134483 0.0076977 0.0148678 0.0216753 -0.0338006 -0.0008706 0.0260394 0.0072922 -0.0033805 -0.0385143 0.0286662 -0.0034140 -0.0224401 -0.0246040 0.0049972 -0.0137835 -0.0224621 0.0193204 0.0387833 0.0082664 0.0358447 -0.0091708 0.0280454 0.0549551 0.0049769 0.0057036 -0.0148548 -0.0174448 -0.0741813 -0.0138686 0.0040974 -0.0323794 -0.0067055 -0.0130077 0.0279215 -0.0227515 -0.0226520 -0.0319073 -0.0581498 0.0020305 -0.0122627 -0.0166555 0.0006412 -0.0137060 -0.0213155 -0.0269634 -0.0132552 0.0141838 -0.0009879 0.0391817 -0.0378356 0.0408442 0.0029896 0.0542247 -0.0010373 0.0139601 -0.0279157 -0.0422110 -0.0601082 -0.0072706 -0.0277540 -0.0351300 -0.0099493 0.0420394 0.0095393 0.0295253 -0.0223379 -0.0353211 -0.0014915 0.0461885 -0.0182662 0.0292127 -0.0334904 -0.0381565 0.0039492 -0.0276895 0.0039316 -0.0310371 0.0342400 0.0064147 -0.0351599 0.0380114 0.0313767 -0.0142562 0.0120038 0.0162848 0.0228833 0.0536022 -0.0116985 -0.0119032 0.0040716 0.0550495 -0.0076138 -0.0155558 0.0190714 -0.0010115 0.0027496 0.0182777 0.0421004 0.0299120 -0.0778440 -0.0531070 -0.0132482 0.0001186 0.0152631 -0.0170399 -0.0299099 0.0234910 0.0345053 -0.0419701 0.0414810 0.0275095 0.0112298 -0.0208124 -0.0217022
-0.0560691 -0.0112157 -0.0311066 -0.0030747 0.9576293 0.0199017 -0.0299796 0.0139835 0.0173439 -0.0093924 -0.0125250 -0.0114191 -0.0225508 -0.0266873 0.0049304 0.0479343 0.0184870 0.0090295 -0.0097448 0.0548075 0.0061200 -0.0258948 -0.0470292 0.0430065 -0.0309389 0.0104418 -0.0349431 -0.0230539 -0.0418322 -0.0128487 0.0051138 0.0012778 0.0790886 0.0065903 -0.0321941 0.0023950 0.0256044 0.0428484 -0.0138935 0.0046667 0.0231265 0.0234256 0.0254393 -0.0028448 0.0249984 -0.0270901 -0.0112076 -0.0266233 -0.0418218 -0.0421360 -0.0214341 0.0265015 -0.0134651 -0.0483093 0.0045380 -0.0696149 0.0065552 0.0017163 -0.0090325 0.0042716 -0.0280829 0.0110448 -0.0011259 -0.0621139 0.0552912 -0.0523158 -0.0251197 -0.0274534 0.0172965 -0.0484042 -0.0108930 0.0237148 0.0554733 0.0095852 0.0133528 0.0060468 -0.0405885 0.0129262 0.0587398 -0.0489260 0.0418606 -0.0324260 0.0393353 0.0064988 -0.0505548 -0.0012732 0.0069935 -0.0337747 0.0152880 0.0311854 -0.0316113 -0.0078968 -0.0071126 -0.0200082 0.0641603 0.0233884 -0.0148250 -0.0160873 0.0025933 -0.0132108 0.0419679 -0.0383031 -0.0465021 -0.0109416 -0.0485842 -0.0366924 0.0294917 0.0226590 -0.0273803 -0.0009373 -0.0184926 0.0549912 -0.0447653 -0.0691656 -0.0307087 0.0195669 -0.0111065 -0.0157958 -0.0478004 0.0058440 0.0120090 -0.0080438 -0.0035670 0.0322529 -0.0228372 -0.0116111 -0.0645272 0.0022216 0.0309700 0.0073765 0.0422953 -0.0158075 -0.0592474 -0.0091272 -0.0313357 0.0051688 0.0158828 0.0234723 -0.0063516 0.0106671 0.0075870 0.0479727 -0.0008480 -0.0080918 -0.0360307 0.0139896 0.0226434 0.0055186 0.0536830 0.0082071 -0.0264619 -0.0047707 -0.0313706 -0.0045537 -0.0133409 -0.0117949 -0.0132454 0.0092537 0.0234379 0.0426012 -0.0407207 0.0129126 0.0112927 0.0112911 0.0488857 0.0029445 -0.0631718 0.0204914 -0.0065474 -0.0109093 -0.0688584 -0.0098190 0.0216776 0.0362322 -0.0097208 0.0028664 0.0122786 -0.0296766 -0.0837207 -0.0098695 -0.0236826 -0.0019507 0.0262701 -0.0303843 -0.0108408 0.0246447 0.0034419 0.0237243 0.0557049 -0.0077809 -0.0169819 -0.0048102
0.0233209 -0.0383054 -0.0053111 0.0103598 0.0199017 0.9104293 0.0000229 0.0268723 -0.0126363 -0.0179147 0.0159032 -0.0351586 -0.0245801 0.0125893 -0.0102787 0.0580342 0.0170307 0.0105395 0.0166004 0.0173366 -0.0093247 0.0048264 -0.0529867 -0.0192469 0.0435385 -0.0034970 -0.0250621 0.0267580 -0.0309179 -0.0082370 -0.0444419 0.0494126 -0.0227879 -0.0235922 -0.0221107 -0.0075950 0.0335595 -0.0033158 -0.0023002 -0.0439631 -0.0015733 -0.0358252 0.0328445 -0.0073480 0.0338242 0.0045009 -0.0208454 -0.0078129 -0.0260000 0.0506559 -0.0181562 0.0355309 -0.0103152 -0.0355743 0.0271983 -0.0399211 -0.0042969 0.0306235 -0.0015486 0.0351878 0.0221471 0.0265603 0.0015272 -0.0115364 0.0337430 -0.0422829 -0.0062974 0.0156377 0.0184467 -0.0520184 0.0213427 0.0452748 0.0133336 -0.0129184 0.0355690 -0.0190770 0.0019737 0.0156656 -0.0071413 -0.0283555 -0.0461281 -0.0119079 -0.0442929 -0.0285048 0.0143627 0.0334079 -0.0030524 0.0037665 0.0154489 -0.0237255 0.0160725 0.0134101 -0.0177861 -0.0097830 -0.0272884 -0.0271672 -0.0030685 0.0564269 0.0005751 0.0222023 0.0112953 -0.0435173 -0.0063624 0.0161062 -0.0094899 -0.0221466 0.0457182 0.0219069 -0.0091536 0.0033018 0.0360717 0.0144562 -0.0065222 -0.0898968 -0.0231320 -0.0233933 0.0015462 -0.0157234 -0.0363154 0.0414984 -0.0273140 0.0175106 0.0367263 -0.0112583 -0.0147261 0.0123063 -0.0155544 -0.0085992 0.0063407 -0.0208820 0.0021307 0.0124895 0.0139555 -0.0062151 -0.0159770 0.0028960 0.0087687 -0.0105225 -0.0352530 -0.0279574 -0.0126017 -0.0114462 0.0241945 -0.0423870 -0.0154103 -0.0117297 0.0384908 -0.0070034 0.0307964 -0.0067406 -0.0140375 0.0200694 0.0399503 0.0083463 -0.0224155 -0.0150353 0.0075909 0.0208847 -0.0409160 -0.0503712 -0.0695072 -0.0011960 0.0178005 0.0416072 0.0003702 -0.0269340 0.0058140 0.0471088 0.0240713 -0.0132032 -0.0289294 0.0044936 0.0209904 -0.0352562 0.0392274 -0.0063066 0.0037367 -0.0469090 -0.0188079 -0.0152118 -0.0028290 0.0036402 -0.0215530 -0.0381122 -0.0194013 -0.0237931 0.0224936 0.0044091 0.0138595 -0.0093774 -0.0324314 -0.0239271
0.0683610 -0.0184144 -0.0100989 -0.0189885 -0.0299796 0.0000229 0.9448352 -0.0113885 0.0379096 -0.0112048 0.0110334 0.0187333 0.0172237 -0.0013549 -0.0349767 -0.0253729 -0.0045239 -0.0422530 0.0624268 -0.0180856 0.0253305 -0.0446593 -0.0016041 -0.0102965 -0.0142697 0.0281849 -0.0209182 0.0450042 -0.0223201 -0.0172024 -0.0282941 -0.0217501 -0.0031437 -0.0244471 -0.0099642 -0.0156865 0.0065714 0.0120806 0.0041971 -0.0269382 -0.0064207 0.0056357 -0.0040449 -0.0026322 0.0122703 0.0063520 0.0051015 -0.0025631 0.0104503 -0.0191706 -0.0037057 -0.0483784 -0.0096826 0.0005869 -0.0158229 0.0700415 0.0018769 0.0043391 -0.0007216 -0.0076278 -0.0465848 -0.0226042 -0.0152122 -0.0295141 0.0056259 -0.0145788 0.0285688 0.0504850 -0.0180613 0.0035273 -0.0187669 -0.0296432 -0.0580239 -0.0050277 -0.0292561 -0.0312664 0.0221955 0.0137235 -0.0447377 -0.0212464 -0.0117796 -0.0137092 -0.0037268 -0.0028465 -0.0193040 -0.0299480 0.0254506 -0.0227992 0.0510573 -0.0030314 -0.0217343 0.0019757 0.0180337 0.0083694 0.0156010 0.0188721 0.0014014 0.0342898 -0.0373110 -0.0192607 -0.0367863 -0.0250798 0.0564675 -0.0015771 -0.0119930 -0.0136909 0.0106647 -0.0117372 -0.0115191 -0.0134583 0.0223055 -0.0092225 -0.0278815 -0.0018020 0.0623212 -0.0373318 0.0107072 0.0455660 -0.0281000 -0.0235519 0.0006389 0.0074180 -0.0235105 -0.0058211 -0.0002187 -0.0381921 0.0308874 -0.0427971 0.0166608 -0.0048162 -0.0233169 -0.0400562 0.0381605 0.0047948 0.0163558 0.0273399 0.0103552 0.0514430 0.0094553 0.0108373 0.0015277 -0.0201685 -0.0148577 -0.0005922 0.0040593 0.0082668 -0.0099477 0.0505460 -0.0247783 -0.0402476 -0.0040387 0.0110927 -0.0210546 -0.0130079 -0.0343143 0.1062887 -0.0111224 0.0102036 -0.0372343 -0.0302269 -0.0272474 -0.0089231 -0.0504412 -0.0218889 -0.0162214 0.0537540 -0.0109282 -0.0058971 0.0343180 0.0576081 0.0017567 -0.0053871 -0.0052629 -0.0097207 -0.0286325 0.0170145 -0.0261630 -0.0071170 -0.0363160 0.0073619 -0.0369266 -0.0159856 0.0163742 0.0243369 0.0072133 -0.0782751 0.0221162 -0.0239932 0.0239575 0.0177324 -0.0144543 -0.0442109
0.0274053 -0.0199380 -0.0022130 0.0213239 0.0139835 0.0268723 -0.0113885 0.8646133 0.0049784 0.0269732 0.0453087 0.0327198 -0.0196976 -0.0380908 0.0092955 -0.0366215 -0.0237469 0.0456070 -0.0313068 -0.0084029 0.0293188 0.0045669 -0.0277074 0.0121026 0.0183016 -0.0219558 -0.0098391 0.0189439 0.0051382 -0.0235554 0.0190951 -0.0225547 -0.0426631 -0.0011757 -0.0137245 0.0343452 0.0409386 0.0268152 -0.0183554 -0.0208601 -0.0486195 -0.0378657 -0.0048118 -0.0226757 0.0086934 0.0296760 -0.0013289 0.0360012 -0.0062834 0.0470396 -0.0110372 0.0071464 -0.0206406 -0.0408682 0.0052536 -0.0676341 0.0184936 0.0153266 -0.0202258 -0.0590657 -0.0020373 -0.0428977 -0.0016104 -0.0178487 -0.0018891 -0.0152871 -0.0394080 0.0000516 0.0006955 -0.0313735 0.0074956 0.0169920 0.0362751 -0.0078199 -0.0125620 -0.0444176 -0.0422592 -0.0444913 0.0059821 -0.0316484 -0.0249507 -0.0184617 0.0328548 -0.0070183 -0.0182886 -0.0102424 -0.0393388 0.0168225 -0.0345992 -0.0412708 -0.0015609 -0.0124441 -0.0036777 0.0168126 -0.0271953 0.0237850 0.0167667 -0.0043246 -0.0284735 0.0142883 -0.0058352 -0.0470678 -0.0291275 0.0197430 0.0034486 -0.0363016 0.0045463 -0.0343532 -0.0077148 0.0199709 0.0043761 0.0233432 -0.0415149 -0.0011426 -0.0039898 -0.0160110 -0.0272270 -0.0256762 0.0191096 0.0125561 0.0065242 -0.0153764 0.0016818 -0.0377748 0.0042105 0.0031919 0.0135023 -0.0251579 0.0150603 -0.0084860 0.0103312 0.0355944 -0.0155076 -0.0101819 -0.0039799 0.0213126 -0.0021590 -0.0017217 -0.0313090 -0.0094817 0.0025446 -0.0138505 0.0773800 0.0528139 -0.0291544 -0.0278040 -0.0107936 -0.0346207 0.0312393 -0.0049002 -0.0163162 0.0280795 -0.0134638 0.0425542 0.0142444 -0.0468435 -0.0055231 -0.0161847 0.0287219 -0.0015979 -0.0061164 0.0070930 -0.0371900 0.0524140 0.0308011 0.0096509 -0.0283604 -0.0006819 -0.0083086 0.0124920 -0.0039320 0.0058414 -0.0417161 0.0217308 0.0145931 0.0445317 0.0331764 -0.0391737 0.0251287 -0.0155873 0.0271193 -0.0091061 0.0486272 0.0133948 0.0304772 -0.0374276 -0.0140468 0.0007284 0.0168357 -0.0043442 -0.0010240 0.0233877
0.0121473 -0.0130172 -0.0089691 0.0212284 0.0173439 -0.0126363 0.0379096 0.0049784 0.9434984 -0.0457131 -0.0366837 -0.0241530 0.0405382 -0.0750654 0.0118853 0.0567794 0.0253719 -0.0086550 0.0110277 0.0005761 0.0049448 -0.0448584 -0.0189305 -0.0021443 -0.0021634 0.0441866 -0.0460921 0.0338895 -0.0036696 0.0039126 -0.0598080 0.0442534 0.0168749 -0.0703671 -0.0069815 -0.0182588 0.0365335 -0.0069375 0.0069072 -0.0539050 0.0314876 -0.0043256 -0.0056713 -0.0193742 -0.0396523 0.0088397 0.0585782 0.0016354 -0.0358352 -0.0404995 -0.0051789 -0.0187593 0.0020655 -0.0178938 -0.0076887 -0.0164862 -0.0033997 0.0439608 -0.0423427 0.0017146 -0.0402781 0.0242331 0.0172397 -0.0496344 -0.0533282 -0.0161940 -0.0205093 0.0033075 -0.0259766 -0.0300404 0.0206880 -0.0335424 0.0302140 -0.0267264 0.0254073 -0.0805918 -0.0467680 -0.0196870 0.0175550 -0.0431608 0.0046132 -0.0237635 0.0049358 0.0176562 -0.0021719 0.0362538 -0.0467298 0.0336874 -0.0143031 -0.0106717 0.0278765 -0.0185630 0.0207531 -0.0534564 0.0287299 0.0063737 0.0109826 0.0030546 -0.0178016 0.0032653 0.0298978 -0.0095247 -0.0125576 0.0339012 -0.0192934 -0.0647160 -0.0029797 0.0071100 -0.0334685 -0.0101281 -0.0168777 -0.0078073 -0.0525538 -0.0843229 0.0392448 -0.0351042 0.0649438 -0.0439388 0.0723810 0.0145750 -0.0215107 -0.0629097 -0.0029781 -0.0124844 -0.0456662 0.0234940 -0.0038188 0.0466652 -0.0217521 0.0469384 0.0264853 0.0204612 -0.0012817 0.0048895 0.0152316 0.0567060 0.0296612 -0.0387842 -0.0529950 0.0267652 0.0014363 0.0013147 0.0543166 0.0391911 -0.0280669 -0.0182407 0.0493782 0.0325663 0.0368750 0.0408082 -0.0337402 0.0186640 -0.0104984 -0.0058973 -0.0031934 -0.0114844 0.0031617 -0.0108099 -0.0203752 -0.0012749 -0.0132980 0.0000152 -0.0137215 0.0177440 0.0413815 -0.0640537 0.0021471 -0.0202811 0.0311296 -0.0255616 -0.0056117 -0.0200285 0.0115993 0.0014535 -0.0054927 0.0240192 0.0630503 0.0192785 -0.0414893 0.0139257 -0.0072475 0.0180564 -0.0281324 -0.0239825 0.0094810 -0.0059395 -0.0371057 -0.0156118 0.0114333 0.0037952 0.0146006 0.0140417
-0.0097480 0.0082685 -0.0266831 0.0082662 -0.0093924 -0.0179147 -0.0112048 0.0269732 -0.0457131 0.8782061 0.0254411 -0.0506382 -0.0129374 0.0246673 -0.0009078 -0.0433857 -0.0371263 -0.0650340 -0.0175210 -0.0351975 0.0077411 -0.0330122 -0.0542420 -0.0215505 -0.0150721 -0.0465174 -0.0037079 -0.0530898 -0.0326344 0.0172349 -0.0559713 -0.0038516 0.0177566 0.0263466 0.0106799 -0.0307258 -0.0616196 0.0192168 -0.0155610 0.0684719 -0.0408948 0.0027131 -0.0004723 0.0152052 0.0234727 0.0170328 0.0032251 0.0074069 -0.0025718 -0.0122512 0.0561901 -0.0136686 0.0360276 0.0291752 0.0301529 0.0181522 -0.0175944 -0.0557715 0.0030110 -0.0099861 0.0221806 -0.0157730 0.0339766 0.0930919 -0.0384706 0.0006235 0.0206399 -0.0006716 0.0251443 0.0093765 0.0026964 -0.0225355 -0.0145210 0.0171838 0.0308308 -0.0084294 0.0685627 0.0459461 -0.0044603 0.0201753 -0.0512843 0.0196355 0.0490304 0.0252365 0.0464811 -0.0293435 0.0309818 -0.0408721 0.0043762 0.0002651 -0.0302125 -0.0271196 0.0120612 0.0360040 0.0036936 -0.0519227 -0.0261664 -0.0063137 0.0043987 0.0110436 -0.0393930 -0.0310647 -0.0303159 0.0434912 0.0276574 0.0527656 0.0207348 -0.0407343 0.0221534 -0.0115868 -0.0329700 -0.0669541 0.0267845 0.0369355 0.0173628 0.0491858 -0.0203692 -0.0066607 -0.0110513 -0.0406898 -0.0246350 -0.0064804 -0.0032992 0.0233385 -0.0022352 -0.0320101 0.0223851 -0.0307034 -0.0349954 0.0101813 -0.0334580 -0.0129233 0.0155895 -0.0063005 -0.0286619 -0.0021833 -0.0278609 -0.0168252 0.0085397 -0.0015621 -0.0490378 0.0599991 -0.0190356 -0.0075210 0.0766518 0.0048572 -0.0310864 -0.0058257 0.0028358 -0.0049005 0.0192995 0.0010792 0.0151424 0.0002352 -0.0030858 -0.0255824 -0.0008786 0.0008759 0.0018240 -0.0170719 -0.0066797 0.0062124 -0.0279773 -0.0010655 -0.0177925 0.0042379 -0.0386589 0.0318275 0.0012395 0.0285341 -0.0284297 -0.0462505 -0.0131317 0.0165587 0.0059727 -0.0001112 -0.0338410 -0.0119661 0.0048733 -0.0335900 0.0381677 -0.0264972 0.0832569 -0.0070128 0.0103503 -0.0539636 -0.0178328 -0.0019397 -0.0376133 -0.0242577 -0.0253605 0.0146836
-0.0502860 -0.0117532 -0.0029103 -0.0066913 -0.0125250 0.0159032 0.0110334 0.0453087 -0.0366837 0.0254411 0.9063572 -0.0451302 -0.0242116 -0.0269622 0.0296192 -0.0598961 -0.0510628 -0.0078242 -0.0313753 -0.0232024 0.0100907 0.0013225 -0.0103268 0.0228670 0.0048405 -0.0206900 0.0251095 0.0039434 -0.0265722 -0.0015625 0.0552124 -0.0270378 -0.0111358 0.0080066 -0.0003970 -0.0084988 -0.0011309 -0.0448660 -0.0154297 -0.0261587 -0.0068483 0.0094335 0.0062711 -0.0067051 0.0052011 0.0182092 -0.0092863 -0.0337181 -0.0049640 0.0330665 -0.0161576 0.0021179 0.0098883 0.0128247 0.0318397 0.0096030 0.0035441 -0.0047329 0.0196789 -0.0473839 0.0099528 -0.0084113 0.0000489 0.0432421 -0.0133894 -0.0137950 -0.0090072 0.0229342 -0.0029803 0.0003564 0.0182181 -0.0252135 -0.0062761 -0.0176827 -0.0532347 0.0464221 0.0020540 -0.0345343 0.0398149 0.0007113 -0.0196130 0.0067287 -0.0412320 0.0084873 0.0483438 -0.0519833 0.0279356 -0.0115490 -0.0198583 0.0135434 0.0169688 -0.0206301 -0.0141014 -0.0122278 -0.0395777 -0.0185830 -0.0007411 -0.0210203 -0.0318724 0.0294873 0.0240586 0.0085980 0.0104263 -0.0083015 0.0713295 -0.0042937 -0.0195630 0.0052093 0.0305373 -0.0196522 0.0599179 -0.0406980 0.0264719 -0.0337871 -0.0187638 0.0158517 -0.0332591 0.0368207 -0.0673198 0.0097588 0.0289102 -0.0116929 -0.0267903 -0.0082116 0.0291033 0.0003610 -0.0401265 -0.0309070 0.0217889 0.0100633 -0.0429750 -0.0292767 -0.0159547 0.0576724 0.0040602 0.0043334 -0.0270955 0.0071498 0.0634441 0.0209075 -0.0388186 0.0299245 0.0170403 0.0082541 0.0086285 -0.0177771 -0.0200417 -0.0232914 -0.0147784 0.0583301 -0.0115699 -0.0122133 0.0166838 0.0122390 -0.0142951 -0.0069727 0.0060653 -0.0197527 -0.0389440 -0.0182674 0.0240697 -0.0019527 -0.0140742 0.0218833 0.0065088 -0.0567035 -0.0217060 0.0572688 -0.0172112 -0.0274117 -0.0113010 -0.0013166 -0.0129327 0.0238541 0.0108445 -0.0418642 0.0009234 -0.0327802 0.0598120 -0.0423627 0.0453435 0.0061382 -0.0018177 0.0127911 0.0009065 -0.0148030 -0.0519132 0.0144923 -0.0360705 0.0219288 -0.0121714 -0.0111296
0.0341466 0.0044311 -0.0179645 -0.0069153 -0.0114191 -0.0351586 0.0187333 0.0327198 -0.0241530 -0.0506382 -0.0451302 0.9893372 -0.0203657 -0.0369679 -0.0123768 -0.0000598 0.0214861 0.0067961 0.0139702 -0.0122461 -0.0064901 0.0113528 -0.0075582 -0.0020327 0.0159780 0.0336748 -0.0608050 0.0493399 0.0344758 -0.0051140 -0.0095406 -0.0370906 -0.0470847 -0.0489632 0.0018454 0.0364164 0.0328731 -0.0218088 -0.0031418 -0.0106124 0.0255590 0.0433171 -0.0158326 -0.0139829 0.0043281 -0.0320734 -0.0252736 -0.0279310 -0.0288862 -0.0026310 -0.0002384 -0.0269074 -0.0057930 -0.0520199 -0.0243480 0.0301856 0.0336152 0.0117222 0.0154190 -0.0088835 -0.0145824 0.0098553 -0.0418013 -0.0275236 -0.0014170 -0.0067816 -0.0164549 0.0027193 -0.0185396 -0.0376512 -0.0219572 0.0814419 0.0044592 0.0043574 -0.0111027 -0.0153036 -0.0464749 -0.0173549 -0.0087240 -0.0072706 0.0411794 -0.0193473 0.0184265 -0.0290236 -0.0484736 -0.0188764 -0.0276694 0.0536129 0.0291340 -0.0210229 -0.0194163 0.0046675 -0.0282959 0.0434590 -0.0284847 -0.0291256 -0.0082489 0.0052936 0.0281678 -0.0392549 -0.0145935 0.0249212 -0.0505052 0.0527777 -0.0028992 -0.0222282 0.0031476 0.0058836 -0.0243162 -0.0293971 0.0241743 0.0045488 -0.0002229 -0.0813317 0.0147926 -0.0174879 -0.0038199 0.0044445 0.0741882 0.0449586 -0.0707777 -0.0080928 -0.0015499 0.0221740 0.0165582 0.0168441 -0.0140227 -0.0303510 0.0124367 -0.0367797 0.0106053 -0.0083266 0.0505888 -0.0297636 0.0324809 0.0273237 0.0241138 -0.0386782 -0.0234409 0.0278780 0.0646170 -0.0038952 0.0621282 -0.0044346 -0.0899294 -0.0126503 -0.0126059 -0.0209955 0.0357082 -0.0301695 0.0106764 0.0305971 -0.0120137 0.0339086 -0.0044203 0.0060119 0.0247646 0.0281735 -0.0102058 -0.0117482 0.0164921 -0.0009139 0.0125641 -0.0185309 -0.0138221 0.0047671 -0.0013151 0.0104685 -0.0023380 -0.0362105 -0.0158850 0.0067324 -0.0141568 0.0098921 -0.0255396 0.0295858 0.0034974 -0.0048156 -0.0076478 0.0119195 -0.0215012 -0.0365215 -0.0023853 -0.0335104 -0.0005897 -0.0176909 0.0179897 0.0275769 0.0321896 0.0148841 0.0043595 0.0177216
-0.0061316 -0.0086235 -0.0421709 -0.0059094 -0.0225508 -0.0245801 0.0172237 -0.0196976 0.0405382 -0.0129374 -0.0242116 -0.0203657 1.0121959 -0.0231237 -0.0395934 0.0553958 -0.0215288 -0.0101432 -0.0096827 0.0335169 0.0143314 -0.0187310 0.0457731 -0.0510095 -0.0251936 0.0064359 -0.0535059 0.0029301 -0.0416300 -0.0397878 -0.0185777 0.0180123 -0.0012166 0.0186936 0.0292035 -0.0174868 -0.0030717 -0.0166603 0.0280375 0.0435595 -0.0438721 -0.0184264 0.0127488 0.0175503 -0.0195941 0.0525366 0.0004029 0.0156992 -0.0343234 0.0240929 0.0051897 -0.0406189 -0.0110211 -0.0361854 -0.0053644 0.0466118 0.0043313 -0.0151779 0.0080431 -0.0396884 -0.0182703 0.0223787 0.0179583 0.0013954 0.0441384 -0.0312763 -0.0417008 -0.0184323 -0.0036343 0.0033695 -0.0063921 -0.0181621 -0.0267198 0.0360320 -0.0080713 -0.0010589 0.0053543 0.0162367 -0.0092916 0.0021159 0.0279589 0.0186257 -0.0352998 0.0147841 -0.0065283 -0.0341063 -0.0439070 -0.0291956 -0.0298613 0.0250766 0.0116728 -0.0003288 0.0147573 0.0423642 -0.0202169 -0.0075312 -0.0610040 -0.0484989 0.0171578 -0.0057555 -0.0010576 -0.0190971 -0.0399467 0.0496141 -0.0012656 0.0090461 0.0206814 0.0271127 0.0346050 0.0434778 -0.0463704 -0.0424914 0.0186445 0.0612635 -0.0306158 -0.0153587 -0.0229707 -0.0167264 0.0677496 -0.0165412 -0.0362489 -0.0365336 0.0679903 -0.0022937 -0.0215009 0.0129155 0.0343203 0.0091125 -0.0052142 0.0089858 0.0049158 0.0101330 0.0194285 0.0024201 -0.0402522 -0.0440435 -0.0441842 0.0011633 0.0184532 -0.0082842 0.0036416 -0.0111144 -0.0108195 -0.0097433 0.0059098 -0.0129347 0.0030584 0.0089141 0.0124082 -0.0158857 0.0498442 -0.0193024 -0.0264112 0.0231834 -0.0327968 0.0147592 -0.0010306 -0.0310487 0.0344892 -0.0033068 -0.0538988 -0.0032063 0.0092893 -0.0023639 -0.0237964 -0.0158205 -0.0214541 -0.0338123 0.0031864 0.0685706 0.0035747 -0.0021928 -0.0241962 -0.0279449 0.0167752 -0.0303071 -0.0768026 0.0165084 0.0086965 -0.0242564 0.0039391 0.0113205 -0.0036023 -0.0340911 -0.0103020 0.0521923 -0.0098121 -0.0265277 -0.0032313 -0.0033354 -0.0475275 0.0486143
-0.0242833 -0.0314484 0.0945042 -0.0237563 -0.0266873 0.0125893 -0.0013549 -0.0380908 -0.0750654 0.0246673 -0.0269622 -0.0369679 -0.0231237 0.9254775 -0.0310303 -0.0494658 0.0106033 -0.0306179 0.0278559 -0.0227150 -0.0070267 0.0013152 0.0234172 -0.0489694 0.0091540 -0.0067008 0.0102594 -0.0092273 -0.0304971 0.0035090 -0.0428302 -0.0626260 0.0302283 0.0354548 -0.0014164 0.0205817 -0.0445712 0.0063792 -0.0093117 -0.0238940 0.0313554 -0.0374666 -0.0409705 0.0225000 -0.0429094 -0.0263807 0.0358352 -0.0029544 0.0094538 -0.0071024 0.0479022 -0.0194722 0.0357426 -0.0033813 -0.0080016 0.0084118 -0.0079784 -0.0350946 0.0114441 -0.0353951 0.0243710 -0.0169187 0.0113519 0.0291270 -0.0375624 -0.0163192 0.0307654 0.0071554 0.0412802 0.0358765 -0.0109335 -0.0128075 0.0242645 0.0140706 0.0018437 0.0264765 0.0963443 0.0324553 0.0038722 -0.0071887 0.0236988 0.0155960 0.0556289 0.0700337 -0.0115347 -0.0194180 0.0422078 -0.0203461 0.0190199 0.0369197 0.0554393 0.0539931 -0.0338241 -0.0129711 -0.0022571 -0.0277215 -0.0125428 -0.0154150 -0.0216019 0.0083019 -0.0195494 0.0180105 0.0353842 0.0107729 -0.0424304 0.0315978 -0.0205020 -0.0499064 0.0204135 0.0387312 0.0150821 -0.0042954 0.0075857 0.0442898 0.0471705 0.0127084 -0.0269252 -0.0422185 -0.0179824 -0.0354252 0.0314514 -0.0395677 -0.0086776 -0.0155327 0.0399160 -0.0225946 -0.0110084 -0.0537020 -0.0423493 -0.0584454 -0.0083276 -0.0257225 0.0143965 0.0014884 -0.0192610 -0.0001453 -0.0365566 -0.0328921 0.0365138 -0.0003667 -0.0476750 0.0514933 -0.0047534 -0.0426478 0.0323403 -0.0034927 -0.0284700 -0.0135317 -0.0348013 -0.0215806 0.0193789 -0.0163817 -0.0027252 -0.0158940 -0.0164504 -0.0121579 0.0068615 0.0152640 0.0106775 -0.0293194 -0.0064460 -0.0257759 -0.0411762 -0.0356147 -0.0293574 0.0169783 0.0173841 -0.0561445 -0.0487354 0.0638979 -0.0023136 0.0108955 0.0188329 0.0187296 -0.0170985 -0.0353725 -0.0398381 0.0308035 -0.0016046 -0.0410092 -0.0089252 -0.0234002 0.0086944 0.0561240 -0.0090658 -0.0336206 0.0393434 0.0020792 -0.0635359 0.0012981 0.0087353 -0.0250835
-0.0386202 -0.0011904 -0.0038023 0.0376293 0.0049304 -0.0102787 -0.0349767 0.0092955 0.0118853 -0.0009078 0.0296192 -0.0123768 -0.0395934 -0.0310303 0.9263186 0.0071737 0.0147255 0.0132537 -0.0061160 -0.0046104 0.0320678 -0.0265441 0.0041299 -0.0217545 0.0265740 -0.0024799 0.0089402 -0.0249778 -0.0080959 -0.0074435 0.0348383 0.0152803 -0.0220426 -0.0112814 -0.0018498 0.0033036 -0.0312896 -0.0308289 0.0160378 0.0072230 0.0451556 -0.0235886 -0.0511402 0.0189725 -0.0344633 -0.0063339 -0.0257446 -0.0292402 -0.0147640 -0.0313819 0.0123852 -0.0139833 -0.0096423 0.0133054 -0.0409565 0.0036233 -0.0132580 -0.0066222 -0.0025250 0.0024355 0.0249304 -0.0043514 0.0031645 -0.0171907 0.0109520 -0.0454173 -0.0046915 -0.0159235 -0.0232146 -0.0011836 0.0327194 -0.0266247 0.0079574 -0.0231011 -0.0069711 -0.0231305 0.0328185 -0.0052460 -0.0019266 -0.0238095 0.0063565 -0.0319447 0.0118479 -0.0234224 0.0593561 0.0490227 -0.0031162 -0.0245740 0.0062167 -0.0027261 0.0249471 -0.0180717 -0.0007977 -0.0275562 -0.0317347 0.0457706 0.0072837 0.0156919 -0.0263519 -0.0060560 -0.0039661 -0.0181160 -0.0046470 -0.0120909 -0.0199103 -0.0025255 -0.0400849 0.0082729 0.0109632 -0.0066741 0.0026324 0.0097510 0.0236153 -0.0063824 -0.0200970 0.0428026 0.0317171 -0.0253371 0.0097334 -0.0308516 -0.0068333 -0.0060881 -0.0351808 0.0227912 0.0116001 -0.0220795 0.0271503 -0.0227512 0.0257306 0.0133768 -0.0288387 0.0289421 -0.0117312 0.0114130 0.0072708 -0.0142631 0.0166327 0.0240255 -0.0224809 0.0512685 0.0153630 -0.0173004 -0.0175783 -0.0200051 -0.0181014 -0.0114020 -0.0547367 -0.0042727 0.0175772 -0.0088338 -0.0039622 -0.0011301 0.0385446 -0.0332601 -0.0010482 0.0353538 -0.0290371 -0.0447258 -0.0049814 0.0538558 -0.0101838 0.0216719 0.0007523 -0.0199166 0.0584495 -0.0169693 -0.0359408 0.0239438 -0.0488980 0.0054535 -0.0110468 0.0359932 -0.0509578 -0.0021508 -0.0071252 0.0235539 0.0051375 -0.0455051 0.0131341 0.0092988 0.0237213 -0.0416198 -0.0478012 0.0460384 0.0038727 0.0183431 0.0061889 -0.0079618 -0.0029469 0.0498048 0.0031209 -0.0242552
0.0025561 0.0077687 -0.0608888 0.0085528 0.0479343 0.0580342 -0.0253729 -0.0366215 0.0567794 -0.0433857 -0.0598961 -0.0000598 0.0553958 -0.0494658 0.0071737 0.9294276 0.0178912 0.0270724 0.0131067 0.0781596 -0.0132189 0.0263623 -0.0335364 0.0072673 0.0096417 0.0840196 -0.0669616 -0.0182515 -0.0306765 -0.0282592 0.0313925 0.0099358 -0.0096005 -0.0364757 -0.0336687 0.0259284 0.0686509 -0.0121242 0.0534502 -0.0238263 0.0074081 -0.0329649 -0.0242425 -0.0049944 0.0206102 -0.0458267 -0.0317921 0.0342397 -0.0252895 -0.0190190 -0.0235000 0.0656543 -0.0382831 -0.0811431 -0.0158395 -0.0332330 -0.0127180 0.0468453 -0.0046355 -0.0248041 -0.0690195 0.0733685 -0.0482412 -0.1105846 -0.0065435 -0.0105594 0.0278282 -0.0233834 -0.0669451 -0.0796870 0.0072298 0.0077487 0.0312620 0.0330651 0.0404652 -0.0833426 -0.0497771 -0.0266725 0.0218622 -0.0460267 -0.0182767 -0.0025254 -0.0329650 -0.0442312 -0.0124976 0.0440117 -0.0442852 -0.0037458 0.0401731 -0.0458132 0.0519507 0.0305935 -0.0200393 -0.0100332 -0.0466185 0.0074127 0.0138839 0.0132617 -0.0075873 0.0045822 0.0436345 0.0154370 -0.0410994 0.0002867 -0.0521247 -0.0394220 -0.0028569 0.0256441 -0.0335517 -0.0373872 -0.0229416 0.0551830 0.0068264 -0.0901878 0.0180877 -0.0609886 -0.0228547 -0.0560919 -0.0108166 0.0001893 -0.0082197 -0.0034000 0.0703708 -0.0381377 -0.0084353 0.0458811 -0.0191243 0.0684651 0.0198232 -0.0285474 0.0202284 0.0179483 0.0382570 -0.0360032 -0.0318394 -0.0027159 0.0419483 0.0056453 -0.0296301 -0.0334848 0.0463846 -0.0086565 0.0196766 -0.0147646 -0.0638794 -0.0097613 0.0476970 0.0125684 0.0781864 -0.0062939 0.0066894 0.0013225 -0.0443514 0.0037163 -0.0060663 -0.0250501 -0.0179570 0.0038585 0.0304071 0.0147855 -0.0397465 0.0440420 0.0242620 0.0433997 0.0347108 -0.0123920 0.0084638 0.0338127 0.0299386 -0.0558861 -0.0487059 0.0098492 -0.0066345 0.0133087 0.0275100 0.0206649 0.0533081 0.0168974 -0.0781269 0.0277870 0.0149513 0.0301999 -0.0375984 -0.0212301 0.0181514 0.0169814 0.0114763 0.0345863 0.0769462 0.0226229 -0.0364440 -0.0005679
0.0072528 0.0153273 -0.0443674 0.0055570 0.0184870 0.0170307 -0.0045239 -0.0237469 0.0253719 -0.0371263 -0.0510628 0.0214861 -0.0215288 0.0106033 0.0147255 0.0178912 0.8723424 -0.0031266 -0.0063706 -0.0168232 0.0384476 -0.0157058 -0.0010172 -0.0081593 0.0605884 0.0323420 -0.0128245 -0.0020581 -0.0041135 -0.0040939 -0.0076391 0.0302556 0.0187800 -0.0082290 0.0043269 0.0051329 0.0484622 -0.0368069 0.0062826 -0.0539094 0.0252730 -0.0001536 0.0150060 0.0088721 0.0195620 -0.0249420 -0.0195237 0.0082329 0.0157849 -0.0209316 -0.0198747 -0.0132078 -0.0269141 -0.0206358 -0.0239899 -0.0026474 0.0073153 0.0031645 -0.0216869 0.0001695 0.0035765 -0.0004357 -0.0068021 -0.0073868 -0.0296622 0.0337087 0.0084572 -0.0226571 0.0261550 -0.0461597 0.0134722 0.0006896 0.0246356 -0.0275215 0.0314577 -0.0501286 -0.0272013 0.0202819 -0.0070950 0.0128744 -0.0208105 -0.0196429 -0.0256776 0.0193153 -0.0253725 0.0135160 -0.0219820 0.0136836 0.0369177 -0.0045660 -0.0063714 0.0038261 0.0147593 0.0153123 -0.0305133 0.0504777 0.0035864 0.0258242 0.0285095 -0.0049487 0.0283506 -0.0210956 -0.0390790 -0.0177316 -0.0507390 0.0453408 -0.0298707 -0.0136228 -0.0247202 -0.0073317 -0.0132225 -0.0237557 -0.0243327 -0.0560390 0.0066503 -0.0388745 0.0181650 -0.0060709 0.0265204 -0.0212330 -0.0203595 0.0413290 0.0627984 -0.0048210 -0.0096451 0.0037184 0.0159100 0.0087674 0.0252186 -0.0494002 -0.0142008 -0.0138966 -0.0006183 0.0118478 -0.0313452 -0.0237041 0.0183940 0.0247883 -0.0208336 -0.0364659 -0.0204999 0.0464875 0.0025388 0.0436428 -0.0405466 -0.0102853 0.0034100 -0.0379316 -0.0315890 0.0231150 -0.0219446 -0.0397100 -0.0303815 -0.0278097 -0.0243491 -0.0100070 0.0187331 -0.0057466 0.0017559 0.0094243 0.0100654 -0.0068379 0.0175517 -0.0258368 -0.0338806 -0.0287321 0.0093860 0.0048871 -0.0304499 -0.0103653 0.0070596 0.0102277 0.0227516 0.0253510 -0.0273983 -0.0109605 0.0298063 0.0231766 -0.0347446 0.0135752 -0.0547232 -0.0436978 -0.0306801 -0.0215872 0.0525755 0.0025084 0.0435790 0.0294287 0.0327799 0.0238957 0.0071887 -0.0246260
0.0373540 0.0061188 0.0311491 -0.0268361 0.0090295 0.0105395 -0.0422530 0.0456070 -0.0086550 -0.0650340 -0.0078242 0.0067961 -0.0101432 -0.0306179 0.0132537 0.0270724 -0.0031266 0.9763260 -0.0096709 0.0308757 -0.0058236 -0.0265513 0.0252880 -0.0298280 0.0002683 0.0044469 0.0333468 -0.0322578 -0.0202568 -0.0145124 -0.0130165 -0.0129410 0.0171463 0.0309623 0.0143311 0.0245738 0.0211108 -0.0004843 -0.0117659 -0.0066959 -0.0027065 -0.0074668 -0.0166818 0.0106729 0.0491980 -0.0010048 0.0172257 0.0034709 -0.0379333 -0.0022295 0.0506524 0.0437992 -0.0369600 -0.0263575 0.0134665 -0.0528358 -0.0180568 -0.0085552 -0.0307018 -0.0416956 0.0443641 0.0285139 -0.0188454 -0.0693396 0.0088164 0.0181797 -0.0228097 -0.0001630 -0.0022901 -0.0363050 -0.0288499 0.0440195 0.0320052 -0.0178503 -0.0303386 -0.0246808 -0.0102466 0.0156299 -0.0090819 0.0018557 -0.0146421 0.0170828 -0.0101456 -0.0235518 -0.0620562 -0.0281624 -0.0313092 0.0572652 -0.0091301 -0.0047987 -0.0148162 0.0051463 0.0197704 0.0094733 -0.0125216 0.0124596 -0.0164638 -0.0064880 -0.0126106 0.0069316 -0.0043984 -0.0285867 0.0141086 -0.0062396 -0.0154132 -0.0127232 -0.0131748 -0.0199759 0.0021498 -0.0194668 -0.0404874 0.0038237 -0.0170100 0.0108957 -0.0027717 -0.0424064 0.0127654 -0.0284886 0.0204214 0.0014320 -0.0371352 -0.0271356 -0.0225798 -0.0537050 -0.0281218 0.0679042 -0.0482216 0.0228420 0.0524697 -0.0101022 -0.0079126 -0.0307551 -0.0132991 -0.0084517 0.0228500 0.0125055 0.0160413 -0.0151589 0.0028685 -0.0050787 -0.0126627 0.0308887 0.0126322 -0.0076361 -0.0676240 -0.0118215 -0.0145964 0.0089734 -0.0222737 0.0250935 -0.0027792 -0.0146851 0.0289523 -0.0183536 0.0306800 0.0405708 -0.0096060 0.0154461 0.0544714 -0.0077680 -0.0148659 0.0010271 -0.0063223 0.0642911 -0.0334868 0.0064934 -0.0178445 -0.0051853 -0.0085623 -0.0575494 -0.0303764 -0.0075186 -0.0396232 -0.0207347 0.0035577 -0.0326937 0.0309437 0.0472574 -0.0238967 0.0081665 -0.0021503 0.0591770 -0.0558738 0.0615847 -0.0193448 -0.0156135 0.0014101 -0.0032716 0.0025944 0.0278226 0.0034064 -0.0104524
0.0306901 0.0139349 -0.0142956 -0.0101682 -0.0097448 0.0166004 0.0624268 -0.0313068 0.0110277 -0.0175210 -0.0313753 0.0139702 -0.0096827 0.0278559 -0.0061160 0.0131067 -0.0063706 -0.0096709 0.9303975 -0.0058256 0.0542969 -0.0185722 -0.0534422 0.0083346 0.0177392 0.0064564 0.0036929 -0.0093032 0.0071945 -0.0217512 0.0125805 0.0095394 0.0260795 -0.0426000 -0.0137249 0.0233311 0.0355086 0.0279831 0.0694282 -0.0173514 0.0274284 0.0106392 -0.0123002 -0.0065556 -0.0155529 -0.0166649 0.0352487 -0.0472714 -0.0173876 -0.0381462 0.0048045 0.0163779 0.0524359 0.0096682 -0.0309222 0.0057938 -0.0300645 0.0168815 0.0127436 0.0505580 -0.0188137 0.0077753 -0.0036134 -0.0034724 0.0258896 0.0057041 -0.0383073 -0.0009296 0.0109295 -0.0335287 0.0032691 -0.0221559 -0.0362963 0.0107876 0.0098958 -0.0015186 -0.0264917 -0.0050986 -0.0120137 -0.0031515 0.0115018 -0.0133618 0.0192492 -0.0002440 -0.0126316 -0.0103602 -0.0049027 -0.0026175 0.0425706 0.0172031 -0.0052175 -0.0164754 0.0226835 0.0081210 -0.0048489 -0.0283794 -0.0170678 0.0170382 0.0136480 0.0020843 0.0011441 -0.0211074 0.0143437 -0.0150856 -0.0356085 -0.0240842 -0.0130952 0.0086426 -0.0303031 -0.0182867 0.0242396 0.0083236 -0.0423800 -0.0262788 -0.0164406 -0.0458407 -0.0043182 -0.0213356 0.0226229 0.0001640 -0.0145682 -0.0153988 0.0146710 0.0184912 0.0096184 0.0007748 0.0013823 -0.0237619 -0.0140482 -0.0285205 -0.0063279 -0.0198112 0.0165411 -0.0405847 -0.0070065 -0.0303246 -0.0067444 0.0296236 0.0044324 0.0053887 -0.0038125 0.0043387 -0.0107186 -0.0309588 -0.0180233 -0.0417780 0.0334383 0.0164697 -0.0060585 -0.0212992 0.0356916 -0.0124939 -0.0492616 0.0115636 -0.0313332 0.0278376 -0.0149921 0.0497146 -0.0065372 -0.0104981 -0.0212586 -0.0036480 -0.0123748 0.0121650 -0.0024270 0.0217853 0.0247540 -0.0240567 -0.0247438 0.0233586 -0.0293522 -0.0260656 -0.0104718 0.0070834 -0.0091511 0.0150815 -0.0040725 -0.0389856 -0.0316852 0.0381400 -0.0144279 0.0163461 -0.0291499 -0.0408649 -0.0413200 0.0030983 0.0313364 0.0034515 0.0246693 0.0150938 -0.0184631 -0.0193470
