0.9038073 -0.0153838 -0.0329019 -0.0469852 -0.0028890 -0.0798015 0.0074832 -0.0144090 -0.0076949 0.0184495 -0.0794444 0.1117073 0.0139426 -0.0298464 -0.0261669 -0.0063969 0.0077198 0.0298350 0.0014890 -0.0325607 0.0133149 -0.0479842 -0.0243304 0.0232640 0.0324834 0.0527953 -0.0088386 -0.0133290 0.0228804 0.0499826 -0.0271975 0.0517167 0.0053189 -0.0305161 -0.0016930 0.0160790 0.0159962 -0.0138949 0.0050732 0.0137106 0.0623500 -0.0135491 0.0250373 0.0224903 -0.0013988 0.0131606 0.0119248 0.0175839 -0.0631115 0.0038137 -0.0226963 0.0059551 -0.0172999 -0.0796719 0.0274565 0.0119261 0.0333277 0.0991184 -0.0547345 0.0231495 -0.0868735 -0.0229314 0.0433030 0.0069028 -0.0545645 0.0708850 -0.0651195 0.0295232 -0.0340688 0.0085564 0.0268863 -0.0046575 0.0132093 -0.0010446 0.0171862 0.0180396 -0.0390874 0.0299801 0.0136270 -0.0501738 -0.0446542 -0.0271406 0.0393922 0.0073061 -0.0098335 -0.0084350 -0.0014727 -0.0596153 0.0049522 -0.0509643 0.0130687 -0.0086620 -0.0016130 -0.0217289 0.0356691 0.0253168 -0.0372029 -0.0034175 0.0504179 -0.0783880 0.0022609 0.0629696 -0.0097775 -0.0062430 0.0539117 -0.0166198 0.0353862 -0.0137133 -0.0181987 -0.0782023 0.0481822 -0.0178683 0.0173170 0.0062922 0.0154219 -0.0384138 -0.0552313 -0.0331361 -0.0930326 -0.0344259 -0.0012639 0.0334504 0.0405072 0.0037151 -0.0252376 -0.0075678 -0.0279617 -0.0547211 -0.0510432 -0.0543655 -0.0281369 -0.0998747 -0.0196479 -0.0112718 0.0608359 0.0081459 0.0283853 -0.0046779 -0.0025743 -0.0217486 0.0267633 0.0036044 -0.0235637 -0.0717735 0.0237902 0.0261756 -0.0000374 -0.0528343 -0.0432598 -0.0016913 0.0535857 0.0490794 -0.0117361 0.0087375 0.0617907 0.0086279 0.0236700 0.0354214 -0.0243382 0.0635360 0.0024463 -0.0064737 0.0017266 0.0057372 -0.0467289 0.0063113 -0.0059393 -0.1072951 0.0180068 0.0102975 0.0316620 -0.0334168 -0.0121896 -0.0013659 0.0211997 -0.0019386 -0.0276729 -0.0020837 -0.0080507 -0.0367553 -0.0042090 -0.0496005 -0.0426890 -0.0581403 0.0119624 -0.0045059 -0.0335805 0.0181133 0.0525350 0.0522112 0.0067663 -0.0126601
-0.0153838 0.9334901 -0.0059706 0.0217451 0.0070791 0.0529224 -0.0521060 0.0504979 -0.0279009 -0.0387778 0.0379827 -0.0168516 0.0782314 0.0310360 0.0201049 0.0867544 0.0034460 0.0154384 -0.0206574 0.0161986 0.0333745 0.0703971 -0.0440654 0.0230008 -0.0347062 0.0163640 0.0273202 0.0438887 -0.0144757 -0.0092400 -0.0305479 -0.0963644 -0.0459562 0.0595393 -0.0109205 -0.0745872 -0.0850334 -0.0327038 0.0292177 0.0187299 -0.0540088 0.0126227 -0.0526761 -0.0148090 -0.0112234 0.0218712 0.0426044 -0.0144999 -0.0257015 0.0440698 0.0239489 0.0294902 0.0300312 0.0490117 -0.0208344 0.0242316 -0.0019941 -0.0193787 -0.0222711 -0.0152348 -0.0114270 0.0492679 0.0161192 -0.0438647 0.0217764 -0.0095852 0.0156664 -0.0590490 -0.0365172 -0.0027756 -0.0158020 0.0072774 -0.0387309 -0.0098031 -0.0175089 -0.0195994 0.0193542 -0.0049766 0.0455312 -0.0197318 -0.0150322 0.0271862 -0.0174204 -0.0350219 -0.0001097 -0.0050277 -0.0177927 0.0132926 -0.0201114 -0.0069002 0.0337645 0.0384609 -0.0119548 0.0304225 -0.0011076 -0.0442825 0.0410423 0.0825945 -0.0134840 0.0701431 0.0105628 -0.0016480 0.0126544 -0.0056566 -0.0233792 -0.0319235 -0.0605091 -0.0380358 -0.0051165 0.0382776 -0.0317948 -0.0150000 -0.0235998 -0.0141603 -0.0171108 -0.0282696 -0.0117911 -0.0377434 0.0194528 0.0198786 -0.0217810 0.0032609 -0.0215359 -0.0522522 0.0590938 -0.0358000 -0.0169284 -0.0717794 0.0057939 0.0233438 -0.0570605 0.0121549 -0.0214789 -0.0089027 -0.0581211 -0.0210341 0.0061764 0.0000429 -0.0005543 -0.0165705 0.0441386 -0.0342583 -0.0354777 0.0356056 0.0104606 -0.0188170 0.0028509 -0.0353192 -0.0067321 -0.0004007 -0.0480491 -0.0276027 0.0475471 -0.0587083 0.0334677 -0.0317996 -0.0329973 -0.0371344 -0.0092008 0.0269017 -0.0016200 0.0421703 -0.0463783 0.0417686 0.0775573 -0.0638604 0.0074105 0.0005192 -0.0569054 -0.0214738 -0.0022192 0.0159556 0.0050745 -0.0094080 0.0520303 0.0375055 0.0192871 -0.0105044 -0.0423635 -0.0198935 0.0370492 -0.0544811 0.0091602 -0.0273202 0.0815946 -0.0302639 -0.0130428 -0.0719064 -0.0200597 0.0220979 -0.0064955 -0.0015973
-0.0329019 -0.0059706 0.9193109 -0.0141110 -0.0119355 -0.0285261 -0.0238147 -0.0148159 0.0247332 0.0209791 -0.0329604 0.0386804 -0.0258050 0.0166253 -0.0125579 -0.0159179 -0.0609376 -0.0535155 0.0392709 0.0396062 0.0232619 0.0647971 0.0132301 0.0138080 -0.0126326 0.0095665 -0.0478281 0.0596983 -0.0445681 -0.0221299 0.0063404 -0.0468367 0.0246897 -0.0624070 -0.0099093 -0.0213188 -0.0039922 -0.0168211 -0.0123741 0.0124861 0.0648376 0.0451316 -0.0076527 -0.0347426 0.0452437 -0.0592579 -0.0219988 -0.0129139 -0.0188497 -0.0366897 -0.0364945 -0.0905901 -0.0137465 -0.0162110 -0.0045513 -0.0249640 0.0163978 -0.0159585 0.0121772 -0.0570743 -0.0382714 -0.0257690 -0.0116197 0.0080324 -0.0076427 -0.0451114 -0.0136903 0.0402724 -0.0439087 -0.0222645 -0.0376198 -0.0338472 0.0249138 -0.0242532 0.0057983 0.0550751 0.0429480 -0.0285616 0.0227972 0.0012791 -0.0006894 -0.0485691 0.0023074 0.0269668 0.0198898 -0.0308141 -0.0147459 0.0239423 0.0259506 -0.0130978 0.0314202 -0.0004001 0.0040738 0.0073866 0.0296089 0.0190923 -0.0024579 -0.0155325 0.0051085 -0.0474216 0.0217964 -0.0346185 0.0137668 -0.0306539 -0.0375947 0.0464365 0.0506600 -0.0556909 0.0193404 0.0033011 0.0098389 -0.0455592 -0.0506251 -0.0267309 -0.0128698 -0.0026513 0.0593872 -0.0043047 0.0055450 0.0116966 0.0377514 -0.0417097 -0.0085115 0.0019381 0.0422224 0.0529333 -0.0380557 0.0065959 -0.0203324 0.0254916 0.0277196 0.0123546 0.0066596 -0.0027578 -0.0232724 -0.0068837 -0.0197175 -0.0152690 -0.0154364 0.0090350 0.0431937 -0.0046106 0.0853060 -0.0305268 0.0204749 0.0652163 0.0021069 0.0029921 -0.0475096 -0.0256136 0.0145633 0.0296851 0.0009697 0.0476775 -0.0744144 -0.0069502 0.0075694 0.0056562 0.0071259 0.0333037 0.0020622 -0.0216297 0.0254683 -0.0320536 -0.0213600 0.0109868 0.0254600 -0.0029789 -0.0456080 -0.0376292 -0.0080241 0.0486134 -0.0494394 0.0084959 0.0013801 -0.0299352 0.0501418 0.0256347 0.0721228 -0.0192261 -0.0213936 0.0024987 -0.0290270 0.0597375 -0.0308817 0.0234644 -0.0066408 -0.0234967 -0.0217528 -0.0260630 -0.0658312 -0.0292297
-0.0469852 0.0217451 -0.0141110 1.0207460 -0.0176974 0.0425937 -0.0349094 -0.0260052 -0.0050502 0.0126413 0.1162509 -0.0553832 0.0787824 0.0011549 -0.0185213 0.0253041 -0.0111810 -0.0498846 -0.0568486 0.0762867 0.0218175 -0.0072664 0.0304989 -0.0176989 -0.0183995 0.0292002 0.0080075 -0.0034657 0.0163714 0.0055496 -0.0910348 -0.0129561 0.0064250 0.0302464 -0.0027043 -0.0170354 -0.0186239 0.0454344 -0.0262359 0.0657467 -0.0577415 0.0160622 -0.0109083 -0.0474989 -0.0631750 -0.0317708 0.0413383 -0.0675243 0.0298116 0.0210043 0.0540069 0.0069914 0.0340097 0.0750050 -0.0420109 -0.0185067 0.0108424 -0.0913095 -0.0506974 -0.0442889 0.0390677 0.0769520 -0.0458590 -0.0766624 0.0082896 -0.0112641 0.0029654 -0.0368487 0.0286890 0.0247842 0.0101050 0.0504321 -0.0810391 -0.0710975 0.0282508 -0.0155248 0.0679561 -0.0510131 0.0092848 0.0574007 -0.0003648 -0.0396345 0.0082028 0.0517654 0.0323593 0.0017422 -0.0001752 0.1085872 -0.0820699 0.0569288 -0.1014953 -0.0449674 -0.0082191 0.0219864 -0.1165047 0.0216172 0.0375922 0.0814434 -0.0256619 0.0573017 0.0340659 -0.0009522 0.0243697 0.0058869 0.0453037 -0.0495919 -0.0912649 0.0335009 -0.0212660 -0.0740844 -0.0413402 0.0074308 -0.0339115 -0.0337848 -0.0757091 0.0406992 -0.0249196 -0.0295435 0.0802520 0.0243219 -0.0289268 -0.0623676 -0.0095105 0.0249114 0.0746260 -0.0455446 0.0324890 -0.0191106 0.0537936 -0.0362835 0.0482374 0.0552103 -0.0276686 -0.0131125 -0.0620708 -0.0688678 -0.0314247 -0.0046768 0.0415210 -0.0324027 0.0344442 -0.0582273 -0.0044418 0.0348062 -0.0272991 0.0385442 0.0127546 0.0897065 -0.0346789 -0.0233324 -0.0717963 -0.0564312 -0.0569597 -0.0681135 -0.0495026 0.0459342 -0.0015538 -0.0716159 -0.0693217 0.0168773 0.0124412 -0.0107950 0.0623548 0.0065398 0.0768014 0.0184263 0.0128783 0.0311818 0.0005090 -0.0335376 -0.0306672 0.0944704 0.0345017 -0.0114837 -0.0306256 0.0210463 0.0486460 -0.0778664 -0.0712256 -0.0009239 0.0042435 0.0257491 0.0234606 0.0446167 -0.0392387 -0.0012381 -0.0355489 -0.0797693 0.0222671 0.0070116 0.0081493 -0.0760938
-0.0028890 0.0070791 -0.0119355 -0.0176974 1.0483056 0.0180273 -0.0944520 0.0295327 -0.0129869 -0.0603345 -0.0107392 -0.0025030 0.0005131 -0.0012119 -0.0398522 -0.0197125 0.0073539 0.0078175 0.0205041 0.0443136 0.0723317 0.0009783 0.0326130 0.0478212 -0.0011460 -0.0266403 -0.0316332 -0.0527791 -0.0167191 0.0081602 -0.0006878 -0.0060240 0.0195868 -0.0437860 -0.0002685 -0.0412452 0.0153611 0.0683806 -0.0121814 -0.0227709 -0.0276993 -0.0060170 -0.0504697 0.0082307 0.0250642 0.0440174 -0.0306756 -0.1061721 0.0237821 -0.0051614 0.0139613 -0.0259575 -0.0179580 0.0069871 -0.0143567 -0.0064819 0.0118816 -0.0437498 0.0183717 0.0288328 -0.0255282 0.0121570 -0.0243930 -0.0425085 -0.0545863 -0.0203670 -0.0073941 -0.0209283 0.0181946 -0.0526398 0.0218075 -0.0196528 -0.0141912 -0.0782693 0.0470644 -0.0031273 -0.0196911 -0.0246801 0.0139123 -0.0518742 0.0195569 0.0250695 0.0172755 -0.0388555 0.0038092 -0.0168076 -0.0204485 0.0627838 0.0131277 0.0103118 0.0220351 -0.0257266 -0.0475883 0.0338394 -0.0502658 0.0087855 -0.0350422 0.0136902 -0.0359953 0.0015827 0.0493745 -0.0389161 0.0118451 0.0078327 -0.0077224 0.0103467 -0.0139470 -0.0628444 0.0275778 -0.0156924 0.0263189 -0.0457714 -0.0152567 0.0104668 -0.0323379 0.0550343 -0.0563518 0.0263037 0.0535171 -0.0447802 -0.0110586 0.0124787 0.0002307 -0.0608008 0.0294390 0.0111958 -0.0309423 0.0815590 -0.0372194 -0.0408280 0.0295118 -0.0257830 -0.0378230 -0.0299021 -0.0046335 0.0479657 -0.0696205 0.0238246 -0.0760535 -0.0023818 -0.0394500 0.0329586 -0.0121214 0.0522370 -0.0680683 0.0203748 0.0107061 0.0252941 -0.0238008 -0.0147928 -0.0361954 0.0437534 0.0176076 -0.0094764 -0.0161171 -0.0167251 -0.0161958 -0.0264139 0.0091306 -0.0020663 0.0204564 0.0534082 -0.0121600 0.0609836 0.0329883 0.0617244 -0.0018917 0.0658350 -0.0087948 -0.0534885 -0.0810081 -0.0411506 -0.0097942 0.0320977 0.0185425 0.0030767 0.0573713 -0.0472480 -0.0183157 -0.0155982 0.0653005 -0.0165352 -0.0221783 -0.0478985 0.0169512 -0.0528682 0.0226495 -0.0151917 -0.0236585 0.0314209 0.0464546 0.0242474
-0.0798015 0.0529224 -0.0285261 0.0425937 0.0180273 1.0873183 -0.0361868 0.0328862 0.0249061 -0.0322088 0.0584420 -0.0996414 0.0019253 -0.0162605 -0.0058192 -0.0038750 -0.0045752 -0.0231909 -0.0661159 0.0335620 -0.0030101 -0.0172186 0.0072163 -0.0172911 -0.0549203 0.0628711 0.0716518 0.1216442 0.0545345 -0.0122427 -0.1028287 -0.0604706 -0.0344206 0.0048110 -0.0224399 -0.0841059 -0.0247177 0.0193640 -0.0523699 -0.0015793 -0.0523556 -0.0445264 0.0325216 0.0447522 0.0069716 0.0413372 0.0013842 -0.0452911 0.0236504 0.0201494 -0.0266115 0.0068545 0.0339104 0.0744993 -0.0204027 -0.0450439 0.0148615 -0.0803729 -0.0202657 -0.0381557 0.1064418 0.0621744 -0.0089475 0.0358161 -0.0176743 -0.0609166 -0.0020270 -0.0697415 0.0306982 -0.0668654 -0.0342457 0.0242259 -0.0512882 -0.0254228 -0.0223615 -0.0394755 0.0107103 0.0399665 0.0584907 0.0249907 -0.0275033 -0.0518720 -0.0368861 -0.0134961 -0.0676178 -0.0097234 0.0573558 0.0367644 0.0193706 0.1013747 -0.0796261 -0.0412006 -0.0042381 0.0010316 -0.0295560 0.0449218 -0.0413841 -0.0009886 -0.0324091 0.0977993 0.0473737 -0.0169715 0.0019833 -0.0124108 0.1148962 -0.0495948 -0.0557254 0.0090912 0.0140061 -0.0102722 -0.0208682 0.0424309 0.0294838 -0.0411385 -0.0105955 -0.0158739 0.0197024 -0.0059807 0.0189509 0.0493533 -0.0429766 -0.0079542 0.0558070 -0.0158699 0.0228357 0.0285241 -0.0188142 -0.0636133 0.0386618 -0.0439501 0.0018753 0.0805487 -0.0358507 0.0033194 -0.0848585 -0.0575396 -0.0282349 0.0229853 0.0113759 -0.0033074 0.0926969 -0.0628673 -0.0056321 0.0362968 -0.0079782 0.0084246 -0.0027036 0.0719294 -0.0716771 0.0038394 -0.0492002 -0.0291813 -0.0117446 -0.0893599 -0.0130268 -0.0745931 0.0344328 -0.0203352 -0.0277186 -0.0197230 0.0179240 0.0085279 -0.0235208 0.0131410 0.0430757 0.0071470 0.0003041 0.0523997 -0.0323533 -0.0443075 -0.0278042 0.0933216 0.0303009 0.0169025 0.0718266 0.0095446 -0.0119129 -0.0872061 0.0101906 0.0540445 0.0428076 -0.0547242 0.0967011 -0.0104873 -0.0444114 0.0077587 0.0112101 -0.1102570 -0.0640933 -0.0344760 0.0218836 -0.0617102
0.0074832 -0.0521060 -0.0238147 -0.0349094 -0.0944520 -0.0361868 0.8816028 0.0523961 0.0316361 0.0344366 0.0326812 0.0450048 -0.0131843 -0.0399052 0.0538149 -0.0415379 -0.0055481 0.0069036 -0.0058970 -0.0524008 -0.0282878 0.0194236 -0.0511150 -0.0210118 -0.0026726 -0.0026329 -0.0483352 -0.0005675 -0.0267541 0.0052485 -0.0096553 0.0133297 -0.0673428 -0.0195116 -0.0233237 0.0114887 0.0245337 -0.0090655 -0.0180138 -0.0210037 -0.0480216 -0.0025528 -0.0020474 0.0213068 -0.0184173 -0.0384653 0.0036045 0.0170533 0.0097776 -0.0595136 -0.0020807 -0.0116060 -0.0420408 -0.0553014 -0.0396298 0.0135945 -0.0065743 0.0001504 0.0004875 -0.0088390 0.0174421 -0.0311434 0.0081116 0.0142281 0.0205010 -0.0072976 -0.0430904 0.0016773 0.0149761 0.0187811 -0.0162921 0.0135599 -0.0254153 0.0002026 0.0044247 -0.0528997 -0.0058006 -0.0359796 -0.0570655 -0.0164165 -0.0391435 -0.0147673 -0.0257994 -0.0135420 0.0259439 -0.0154484 -0.0173055 0.0101789 0.0024563 -0.0191586 0.0447020 0.0098844 0.0129016 0.0030027 0.0422343 0.0051532 0.0017574 0.0260026 0.0315089 -0.0225986 -0.0408331 0.0329343 -0.0018149 -0.0135527 0.0474814 0.0183868 -0.0048715 0.0232634 0.0088803 0.0000812 0.0179366 -0.0091147 -0.0149201 -0.0179076 0.0468635 -0.0189390 0.0108727 0.0041180 -0.0062948 0.0029818 0.0087295 0.0805313 -0.0223156 0.0199730 -0.0330251 -0.0720854 -0.0389467 0.0260806 -0.0612538 0.0398051 -0.0183608 0.0152864 0.0478171 0.0335955 0.0306059 -0.0254917 0.0213634 0.0222724 -0.0303992 0.0109358 -0.0442432 -0.0220371 0.0213055 -0.0156332 0.0219425 0.0331811 -0.0052987 -0.0444845 0.0421860 -0.0257623 -0.0041181 0.0051882 0.0415680 -0.0305745 -0.0121019 0.0161149 -0.0419548 0.0059585 0.0243397 -0.0028123 0.0726450 -0.0308271 -0.0015237 0.0582309 0.0101647 -0.0514373 -0.0382630 0.0077836 0.0466404 0.0300870 0.0139415 0.0323970 -0.0076421 -0.0140292 -0.0260697 -0.0304600 0.0185362 -0.0172351 0.0364205 -0.0237179 -0.0292092 0.0139070 -0.0300681 0.0624426 -0.0195115 -0.0104548 -0.0128065 -0.0014198 0.0116764 0.0343481 0.0154789 -0.0069470
-0.0144090 0.0504979 -0.0148159 -0.0260052 0.0295327 0.0328862 0.0523961 0.9748850 0.0008341 0.0390348 0.0368683 0.0096788 -0.0077239 0.0098410 0.0428733 -0.0449694 0.0053771 0.0358392 0.0027898 0.0165705 0.0020287 0.0143874 -0.0748218 0.0285773 -0.0102353 0.0090659 0.0185689 0.0038480 -0.0357451 -0.0082120 -0.0001066 -0.0147325 -0.0063675 0.0117574 -0.0094604 -0.0444808 0.0119114 -0.0133952 0.0135418 -0.0027355 -0.0289019 0.0084286 -0.0203745 -0.0181203 -0.0339906 -0.0127678 0.0473539 0.0076514 -0.0371093 -0.0310750 -0.0052737 0.0302608 0.0164401 -0.0183505 0.0234902 -0.0506862 -0.0273887 -0.0153842 0.0640908 -0.0257520 0.0070984 0.0193456 0.0574358 0.0866051 -0.0027256 -0.0093208 -0.0179549 -0.0423305 -0.0083637 -0.0258232 -0.0218855 -0.0378081 0.0572879 0.0044609 -0.0000122 0.0011460 -0.0214892 0.0030029 0.0713713 0.0160176 -0.0446291 -0.0196806 0.0626578 -0.0112686 0.0290498 0.0002345 0.0030833 0.0303247 -0.0312977 0.0189319 -0.0136641 -0.0495550 -0.0217574 0.0225055 -0.0560918 0.0452470 0.0399059 -0.0168052 -0.0470785 -0.0384751 -0.0034461 -0.0540287 -0.0296380 -0.0170947 -0.0142195 0.0169405 -0.0539670 0.0151832 0.0069306 -0.0086164 0.0238484 0.0323297 -0.0198844 -0.0309884 -0.0304990 -0.0399811 0.0050204 0.0140527 -0.0169171 -0.0256532 -0.0001340 0.0076829 -0.0279373 -0.0229796 -0.0026644 0.0081344 -0.0076824 -0.0171453 0.0029356 0.0004502 -0.0297159 -0.0807085 -0.0050610 0.0351014 0.0032816 0.0034421 -0.0033731 0.0030805 -0.0362544 -0.0314440 -0.0385696 0.0062731 -0.0158497 0.0054679 -0.0101728 0.0262161 0.0139731 -0.0061163 0.0295284 -0.0236275 0.0182467 0.0224446 -0.0135300 -0.0073981 -0.0640739 -0.0062418 -0.0155761 -0.0115333 0.0350304 -0.0023803 0.0133299 -0.0290685 -0.0606870 0.0148427 -0.0543979 -0.0639729 -0.0454836 0.0266780 0.0036905 -0.0223227 -0.0265279 -0.0185264 -0.0404340 0.0017239 0.0290892 0.0441581 0.0334206 -0.0187711 0.0139094 0.0026410 0.0105089 0.0156991 0.0512466 -0.0087721 0.0188764 -0.0310024 0.0035708 -0.0136087 -0.0381641 0.0251871 0.0380693 -0.0377679
-0.0076949 -0.0279009 0.0247332 -0.0050502 -0.0129869 0.0249061 0.0316361 0.0008341 0.8318490 0.0135324 0.0002176 0.0484777 -0.0058595 -0.0341977 0.0126705 0.0558803 0.0132492 0.0098125 -0.0527434 0.0007236 0.0272754 0.0456147 0.0160602 0.0516919 -0.0196252 0.0393957 -0.0147106 -0.0113170 -0.0100053 0.0101274 -0.0122232 0.0085870 -0.0182151 -0.0418582 0.0002560 -0.0193050 0.0111484 -0.0141778 0.0013120 -0.0202215 -0.0454581 -0.0063619 -0.0267927 -0.0275024 0.0245808 -0.0160102 -0.0573589 -0.0183368 0.0142935 -0.0233626 -0.0026671 -0.0084201 -0.0078560 0.0047916 0.0138020 0.0119691 0.0081136 -0.0066807 0.0021253 -0.0065378 -0.0074527 0.0267558 -0.0278805 -0.0283207 0.0119746 0.0097024 0.0098929 -0.0244427 -0.0127134 -0.0305950 0.0009987 0.0384362 0.0089540 0.0013314 -0.0596571 -0.0187089 0.0018283 -0.0081743 0.0204807 0.0028502 -0.0325088 -0.0318777 0.0166879 -0.0221272 -0.0359444 -0.0170552 -0.0086998 0.0237035 0.0034383 -0.0150216 0.0185448 -0.0396157 0.0067281 -0.0267151 0.0105649 0.0102718 0.0071421 -0.0083267 -0.0055664 0.0004933 0.0160510 -0.0062402 0.0430417 -0.0163941 0.0177386 -0.0222347 -0.0010555 0.0143621 -0.0160393 0.0108144 -0.0083121 0.0038279 -0.0141587 -0.0403794 0.0096756 0.0325757 0.0303171 0.0031468 -0.0210186 0.0140998 -0.0144955 0.0115101 0.0349713 -0.0123856 -0.0236712 -0.0168342 -0.0332813 0.0090264 -0.0168752 -0.0261309 0.0151447 0.0267716 -0.0005211 0.0669046 -0.0219276 0.0174378 0.0128041 -0.0250772 -0.0054896 -0.0149225 0.0198995 0.0081409 -0.0074304 -0.0133388 -0.0228216 0.0125425 0.0200639 0.0289531 0.0268519 0.0452635 -0.0438783 0.0526588 0.0269155 -0.0233180 -0.0526837 0.0182799 0.0395870 0.0060892 -0.0269378 -0.0147930 -0.0549017 0.0002314 -0.0418430 -0.0082749 0.0362935 0.0184248 -0.0397615 -0.0568061 0.0002382 0.0296638 -0.0369403 -0.0135768 0.0071601 -0.0395327 -0.0090058 0.0271354 -0.0166636 0.0097394 -0.0231818 -0.0263860 0.0152975 -0.0179511 0.0539170 -0.0193342 -0.0122670 -0.0347531 -0.0256511 -0.0118333 -0.0111635 0.0099106 -0.0356202 0.0051730
0.0184495 -0.0387778 0.0209791 0.0126413 -0.0603345 -0.0322088 0.0344366 0.0390348 0.0135324 0.7929893 0.0045972 0.0027526 -0.0286202 0.0703267 -0.0139211 0.0297205 0.0123587 -0.0287408 -0.0376895 -0.0138732 -0.0304763 0.0128970 -0.0339588 -0.0202502 0.0319368 0.0019360 -0.0311208 -0.0432816 -0.0353261 0.0247615 0.0018505 -0.0232548 0.0546920 0.0193496 -0.0046924 0.0153752 0.0448845 0.0084361 0.0084371 0.0136451 0.0027894 -0.0060653 0.0160899 0.0320593 -0.0237548 -0.0552204 -0.0035620 0.0266115 -0.0208337 -0.0113046 0.0305321 0.0358864 -0.0158451 -0.0216938 0.0521925 -0.0123605 -0.0080400 0.0070646 0.0074343 -0.0605563 -0.0293266 -0.0050139 -0.0001910 0.0277620 -0.0002159 0.0654609 -0.0014859 -0.0408864 0.0321954 -0.0274286 -0.0232945 -0.0146026 0.0435361 0.0328756 -0.0346242 0.0170340 -0.0116359 0.0012124 -0.0279147 0.0017537 -0.0001687 0.0340076 0.0165964 0.0292258 -0.0239444 0.0311191 -0.0093136 -0.0325781 0.0182068 -0.0374414 0.0081667 -0.0300051 -0.0013685 0.0102932 -0.0069158 -0.0396864 -0.0178868 -0.0085116 0.0265643 -0.0441112 -0.0124168 -0.0310035 -0.0627562 0.0614820 0.0199348 0.0132364 -0.0411681 0.0150338 0.0331700 -0.0223639 -0.0105953 -0.0162665 -0.0130610 -0.0243648 -0.0011957 -0.0312146 0.0551669 0.0240513 -0.0698754 -0.0034612 -0.0257391 0.0425102 0.0010887 -0.0265468 -0.0002215 0.0103133 -0.0294213 -0.0317309 -0.0055871 0.0031314 -0.0385768 -0.0315304 -0.0323623 -0.0133215 -0.0443936 0.0121890 -0.0088070 0.0051037 -0.0151033 0.0265267 -0.0141528 0.0442682 0.0106953 0.0151573 -0.0681791 -0.0193161 0.0330657 -0.0032311 0.0269729 -0.0163263 0.0069525 0.0143111 0.0415778 0.0219349 -0.0319629 0.0015016 0.0249860 0.0178113 0.0227364 -0.0371499 0.0276178 -0.0029787 0.0277026 0.0004591 -0.0264863 0.0041333 0.0254366 0.0276347 0.0332216 -0.0033164 -0.0155535 -0.0395324 -0.0269605 -0.0015264 0.0090439 -0.0103119 -0.0352939 -0.0262286 -0.0090640 -0.0085149 -0.0599846 0.0100844 -0.0071398 -0.0047635 -0.0383632 -0.0162717 -0.0174174 0.0334761 0.0166156 0.0265262 -0.0536409 0.0199831
-0.0794444 0.0379827 -0.0329604 0.1162509 -0.0107392 0.0584420 0.0326812 0.0368683 0.0002176 0.0045972 0.9175339 -0.0702131 0.0079310 -0.0300697 0.0247112 0.0077001 -0.0021975 -0.0047090 -0.0174562 0.0219304 0.0114385 0.0068879 -0.0051796 -0.0142161 -0.0136811 0.0408341 0.0213838 0.0194046 -0.0670781 0.0196940 -0.0360804 -0.0416215 -0.0365897 -0.0019144 -0.0134411 -0.0664231 0.0182409 0.0033257 0.0146883 -0.0051374 -0.0818740 0.0573495 -0.0288763 0.0318418 -0.0251205 -0.0117510 0.0645310 -0.0623280 0.0298479 -0.0062038 0.0325823 -0.0618202 0.0060515 0.0809758 -0.0386285 -0.0385928 0.0269175 -0.0638373 -0.0326753 -0.0072113 0.0565095 -0.0043569 0.0180341 0.0122170 0.0227185 -0.0193270 -0.0172228 -0.0149470 0.0132282 -0.0127999 -0.0210153 -0.0519412 -0.0000175 -0.0095700 -0.0577937 -0.0202251 0.0375995 -0.0581860 -0.0131252 0.0853964 -0.0457450 0.0003712 -0.0339686 -0.0261679 0.0263633 -0.0432896 0.0101610 0.0289018 -0.0155865 0.0515082 -0.0587098 0.0142192 -0.0095257 0.0010643 -0.0601396 0.0377987 0.0137632 0.0266592 -0.0220355 0.0320101 0.0539138 0.0172045 -0.0032366 0.0032036 0.0640543 -0.0173660 -0.0425993 0.0078072 0.0379502 -0.0195974 -0.0109027 0.0155430 -0.0394900 -0.0487983 0.0270674 -0.0257751 0.0088630 -0.0157823 0.0161989 0.0483252 0.0106261 0.0074503 0.0316346 -0.0335200 0.0001020 -0.0367191 -0.0193398 -0.0231439 0.0125423 0.0045654 -0.0255034 0.0500423 -0.0354827 -0.0412053 -0.0448040 -0.0198002 -0.0701545 0.0199170 0.0634584 -0.0227858 0.0164198 -0.0392513 -0.0458978 0.0065248 -0.0370255 0.0062924 -0.0278245 0.0375461 0.0279030 0.0399969 -0.0164378 -0.0141762 0.0043422 -0.0446026 -0.0312447 -0.0228893 0.0095789 -0.0456001 -0.0250130 -0.0382705 0.0309746 -0.0024488 -0.0012283 -0.0141342 0.0138423 -0.0634936 0.0058928 0.0316006 -0.0165452 -0.0151834 0.0090465 0.0474551 -0.0006699 0.0702711 -0.0001903 -0.0017642 -0.0126813 -0.0360004 -0.0150860 0.0147395 -0.0163382 -0.0064033 0.0568554 0.0931139 -0.0494493 0.0139976 -0.0472739 -0.0412283 0.0239979 0.0165210 -0.0382061 -0.0041296
0.1117073 -0.0168516 0.0386804 -0.0553832 -0.0025030 -0.0996414 0.0450048 0.0096788 0.0484777 0.0027526 -0.0702131 1.0576881 -0.0984894 -0.0054033 -0.0176984 -0.0361449 0.0010404 0.0317765 -0.0160692 -0.0187819 0.0488952 0.0481033 -0.0740066 0.0082543 0.0748907 -0.0308655 0.0025440 0.0029555 0.0659947 0.0165094 0.0213438 0.0000190 0.0132296 -0.0524535 -0.0161318 0.0346656 0.0208158 -0.0029687 0.0293346 -0.0159389 0.0018558 -0.0531793 0.0253591 0.0227979 -0.0062577 0.0171229 -0.1027585 -0.0062855 -0.0718704 -0.0603696 0.0174052 -0.0571009 -0.0483472 -0.0236750 0.0182941 0.0040377 -0.0275945 0.0505878 0.0149304 0.0533502 -0.0234503 -0.0680732 0.0020029 0.0512228 -0.0381149 -0.0035938 -0.0577070 0.0140188 -0.0531197 0.0294518 0.0884153 0.0100704 0.0378544 -0.0071378 -0.0549815 -0.0108730 -0.0807080 0.0241462 -0.0016212 -0.0612048 0.0049640 -0.0323839 0.0263722 0.0317962 -0.0307716 -0.0170145 -0.0578593 -0.0106905 -0.0017575 -0.0068892 0.0597661 0.0159123 0.0283278 -0.0480471 0.0669511 -0.0305818 0.0246601 -0.0568433 -0.0171546 -0.0668064 -0.0159189 0.0156957 -0.0222001 0.0026672 -0.0276740 0.0139240 0.0642827 -0.0215879 -0.0287573 0.0312329 -0.0011640 -0.0409625 0.0269656 -0.0255313 0.0098370 -0.0158946 -0.0007280 0.0272874 -0.0454351 -0.0271561 0.0249235 0.0540372 -0.0485250 -0.0008672 -0.0554765 -0.0193362 -0.0038420 0.0063758 0.0056712 0.0107286 -0.0573060 0.0032965 0.0218629 0.0278340 0.0282512 0.0684554 0.0017449 -0.0193469 -0.0532880 -0.0584744 0.0093432 -0.0020283 0.0026505 -0.0653414 0.0508568 -0.0111755 -0.0108463 -0.0656665 0.0117534 -0.0507776 0.0006823 0.0318136 0.0154672 0.0349601 0.0072122 0.0175396 0.0083349 0.0342776 -0.0025575 0.0118513 -0.0272797 -0.0134502 0.0000458 -0.0031086 -0.0841433 0.0001373 0.0010153 -0.0145560 0.0062871 0.0056815 0.0196830 -0.0289492 0.0272795 -0.0120642 -0.0367922 0.0072994 0.0083766 0.0924501 -0.0013415 -0.0571346 -0.0186892 0.0188475 -0.0585788 0.0527011 0.0160993 -0.0277054 0.0040909 0.0114043 0.0715174 0.0069592 0.0360541 -0.0304991
0.0139426 0.0782314 -0.0258050 0.0787824 0.0005131 0.0019253 -0.0131843 -0.0077239 -0.0058595 -0.0286202 0.0079310 -0.0984894 0.8764218 -0.0348737 0.0126994 0.0627476 -0.0077165 0.0117229 -0.0393363 0.0113491 0.0396724 0.0660773 0.0600946 -0.0188050 -0.0310084 -0.0206548 -0.0080909 -0.0371761 -0.0023542 -0.0291297 -0.0096690 -0.0308847 -0.0139774 0.1052918 0.0013708 -0.0627963 -0.0607371 -0.0148763 0.0200671 0.0174999 0.0020899 0.0381900 -0.0085609 -0.0245778 0.0509150 0.0809846 0.0229103 -0.0170513 0.0268346 -0.0294816 -0.0007413 -0.0092776 0.0686719 0.0313059 -0.0283505 0.0487332 0.0059556 -0.0283903 -0.0390550 -0.0589276 -0.0659886 0.0544439 -0.0509154 0.0272620 0.0597001 -0.0455692 -0.0042482 -0.0413034 -0.0436702 -0.0130240 -0.0227479 0.0513738 -0.0516856 0.0064436 0.0073725 -0.0360342 0.0349234 0.0012410 -0.0185205 0.0334617 0.0165064 -0.0148914 -0.0345606 -0.0318754 0.0067488 0.0287184 0.0282923 0.0627069 -0.0048830 0.0568671 -0.0334309 -0.0305814 0.0161615 0.0621520 -0.0165531 0.0140122 -0.0336168 0.0474182 -0.0031459 0.0269740 0.0443405 0.0376106 -0.0434005 -0.0273176 -0.0085157 -0.0255114 -0.0609710 0.0635816 0.0116735 0.0248166 -0.0094755 -0.0207239 -0.0446203 0.0219996 -0.0260083 0.0096739 0.0101803 -0.0355722 0.0630216 0.0421226 0.0247438 -0.0803792 0.0286248 -0.0122324 0.0563305 -0.0266260 0.0493422 -0.0506392 -0.0213454 -0.0518974 0.0425324 0.0515421 -0.0555118 0.0374446 0.0254347 -0.0474167 0.0147990 0.0033572 0.0063717 0.0377478 0.0095160 -0.0593757 0.0010759 -0.0262562 0.0079305 0.0107760 -0.0501718 0.0466996 -0.0125732 -0.0266800 -0.0532988 0.0382525 0.0288569 0.0411214 -0.0699473 -0.0054242 0.0087763 -0.0442318 -0.0397295 -0.0365158 0.0152566 -0.0019193 -0.0260508 -0.0222449 0.0401131 -0.0270344 -0.0359279 0.0288077 -0.0664319 -0.0412904 -0.0243685 0.0027322 0.0240059 -0.0372846 0.0038815 -0.0256328 0.0166224 -0.0642221 -0.0989915 -0.0305864 -0.0062161 0.0450488 0.0266144 -0.0418703 -0.0366424 0.0293721 -0.0277326 -0.0345645 -0.0580160 -0.0407816 -0.0298372 -0.0273235
-0.0298464 0.0310360 0.0166253 0.0011549 -0.0012119 -0.0162605 -0.0399052 0.0098410 -0.0341977 0.0703267 -0.0300697 -0.0054033 -0.0348737 0.9315594 0.0183686 -0.0198645 -0.0551938 0.0365559 -0.0151299 0.0281115 0.0216020 0.0009203 -0.0203547 -0.0169238 -0.0108089 0.0516712 -0.0281807 -0.0321020 -0.0181974 -0.0497643 -0.0115902 -0.0487294 0.0411383 0.0008857 -0.0526160 0.0607147 -0.0332955 -0.0343122 -0.0474465 0.0048060 -0.0431476 0.0163862 -0.0374596 -0.0078414 0.0153171 0.0157248 0.0277879 0.0104644 -0.0129451 0.0039403 0.0064705 0.0100913 0.0775935 0.0011053 -0.0283374 0.0027232 0.0165002 -0.0021466 -0.0240029 -0.0435563 -0.0480456 0.0316605 -0.0584356 -0.0161053 -0.0043366 -0.0200783 0.0370021 0.0251591 0.0100712 -0.0287043 -0.0148756 0.0070467 -0.0228589 0.0695340 0.0016728 -0.0158317 -0.0000066 0.0208371 -0.0572239 0.0376380 -0.0429072 0.0046992 -0.0089006 0.0316964 0.0125992 0.0448167 0.0168562 -0.0473275 -0.0552575 -0.0224729 -0.0165148 -0.0088028 -0.0298084 -0.0222176 0.0316372 -0.0263421 0.0003137 -0.0150681 -0.0073088 -0.0479573 0.0064665 -0.0715216 0.0134073 -0.0024146 0.0177875 0.0510978 -0.0094036 -0.0384656 -0.0255813 0.0111594 -0.0256873 -0.0032523 -0.0371607 -0.0476977 -0.0195064 0.0117661 0.0441542 0.0219026 0.0407073 -0.0019908 0.0259926 0.0014016 -0.0178285 0.0058466 0.0420369 -0.0283617 -0.0152764 0.0396773 -0.0231776 -0.0448903 -0.0364232 0.0013062 -0.0346872 -0.0119323 -0.0273531 -0.0213698 0.0168675 -0.0170723 0.0051632 -0.0125519 0.0006611 -0.0005667 -0.0303486 0.0012265 -0.0463145 0.0427288 0.0100341 0.0695936 -0.0112782 0.0053130 0.0361815 -0.0005212 0.0219869 -0.0143067 -0.0104819 -0.0018583 0.0174580 0.0107552 0.0267959 0.0297691 0.0441666 0.0088734 -0.0228587 -0.0416362 -0.0287030 0.0201989 0.0469555 -0.0147794 -0.0100169 0.0217833 -0.0428047 -0.0041706 0.0025830 0.0023868 -0.0152777 0.0129434 0.0081535 0.0216010 -0.0428591 -0.0189206 0.0479044 0.0363811 -0.0334163 0.0248778 -0.0083062 0.0147177 0.0311670 0.0179367 0.0310131 0.0196522 -0.0495207 -0.0344899
-0.0261669 0.0201049 -0.0125579 -0.0185213 -0.0398522 -0.0058192 0.0538149 0.0428733 0.0126705 -0.0139211 0.0247112 -0.0176984 0.0126994 0.0183686 0.9517832 -0.0130610 -0.0120236 0.0550941 0.0123580 -0.0132414 -0.0162228 -0.0003376 0.0096887 -0.0144793 -0.0128138 -0.0133808 0.0033700 -0.0174380 -0.0353722 0.0102794 -0.0371574 0.0046305 0.0158546 0.0383422 0.0165062 0.0355614 -0.0184437 -0.0047603 -0.0179558 -0.0338477 0.0264664 0.0318214 -0.0554441 -0.0179847 -0.0459442 0.0144472 0.0113395 -0.0049816 -0.0190492 -0.0554221 0.0188158 0.0021977 0.0156673 -0.0494061 -0.0622121 0.0069515 -0.0169520 0.0184471 -0.0252659 0.0557958 0.0034241 -0.0658416 -0.0463163 0.0036670 -0.0043462 0.0265321 -0.0064916 -0.0275057 -0.0056821 0.0077653 -0.0157752 -0.0480236 0.0319029 0.0345605 -0.0368648 -0.0088968 -0.0594573 0.0328344 0.0046693 -0.0241941 0.0066580 0.0006159 -0.0286001 0.0316372 0.0224181 0.0439356 0.0071519 -0.0536358 -0.0283911 -0.0251758 0.0180638 -0.0237820 -0.0456763 -0.0502383 0.0148643 -0.0254466 -0.0485041 -0.0077949 -0.0433240 0.0030576 0.0337147 -0.0176721 0.0009716 0.0138473 0.0213873 0.0014315 0.0042602 -0.0029947 -0.0141736 -0.0408157 0.0103680 -0.0008342 -0.0094655 0.0014545 -0.0068391 -0.0733721 0.0385974 0.0691914 -0.0721116 -0.0159093 -0.0175074 0.0232726 -0.0326672 -0.0315367 -0.0158937 0.0467365 0.0881060 0.0014436 -0.0251714 0.0051486 -0.0381618 -0.0223291 -0.0256725 0.0445741 0.0184339 -0.0020525 -0.0153819 0.0198669 -0.0274286 0.0050112 -0.0548080 0.0164438 -0.0430783 -0.0467280 0.0421445 -0.0478863 -0.0395884 -0.0412169 0.0228375 0.0016647 0.0588532 0.0827710 0.0559582 0.0231691 -0.0022840 0.0716225 0.0147006 0.0153376 0.0317480 0.0499758 -0.0149423 -0.0191651 -0.0350765 0.0233791 -0.0286461 -0.0573376 0.0130749 -0.0154449 0.0222906 0.0468130 0.0103064 -0.0367157 -0.0549158 -0.0030207 -0.0068570 0.0118768 -0.0564284 -0.0243272 -0.0436145 0.0482772 0.0226318 0.0548911 -0.0562694 -0.0010739 0.0454219 0.0210542 0.0043995 -0.0017819 0.0277775 -0.0253603 -0.0876533 0.0451777
-0.0063969 0.0867544 -0.0159179 0.0253041 -0.0197125 -0.0038750 -0.0415379 -0.0449694 0.0558803 0.0297205 0.0077001 -0.0361449 0.0627476 -0.0198645 -0.0130610 0.9498284 -0.0180908 -0.0150806 -0.0273423 -0.0187563 0.0315875 0.0252418 -0.0060052 -0.0024455 -0.0557077 0.0080731 0.0098195 -0.0092110 0.0050768 -0.0292840 -0.0193926 -0.0369557 -0.0302971 0.0084237 0.0024724 -0.0270707 -0.0416271 0.0257578 0.0252245 0.0545897 -0.0488267 0.0936799 -0.0124577 -0.0205496 0.0168508 -0.0367815 0.0460470 0.0201344 -0.0159841 0.0216894 0.0271564 0.0350217 -0.0168379 0.0178318 -0.0030443 0.0177871 0.0302389 -0.0250133 0.0272069 -0.0496069 -0.0198986 0.0875151 -0.0480469 -0.0359353 0.0464160 0.0126011 -0.0241577 -0.0217695 0.0179324 -0.0071632 -0.0006442 0.0263907 0.0002549 0.0168989 -0.0068216 -0.0252480 0.0000843 -0.0028728 0.0181357 0.0340472 -0.0041080 0.0178480 -0.0033715 -0.0112329 -0.0386710 -0.0380310 -0.0165296 -0.0304000 0.0004232 0.0044645 -0.0479977 -0.0036161 -0.0250989 -0.0170995 -0.0424261 0.0268897 -0.0297578 0.0089297 -0.0034759 0.0808209 -0.0461619 -0.0485434 -0.0360825 0.0150009 -0.0027600 -0.0520405 0.0148709 -0.0348091 0.0422188 -0.0340401 -0.0336593 0.0260562 0.0020886 0.0024607 -0.0161469 0.0205244 -0.0147937 -0.0125189 -0.0118003 0.0413445 0.0234020 -0.0117744 0.0481941 -0.0017839 0.0355699 -0.0451081 -0.0247884 -0.0219350 0.0060090 0.0152190 -0.0246389 -0.0286419 0.0028396 0.0240667 -0.0337839 -0.0224015 -0.0004951 -0.0080127 0.0029648 0.0689353 0.0171253 0.0042552 0.0434890 0.0262105 -0.0244293 -0.0177255 -0.0725190 0.0970724 0.0252837 -0.0000426 -0.0504322 -0.0016816 0.0635274 -0.0342394 -0.0022046 -0.0233016 0.0058202 -0.0348723 -0.0150794 -0.0348055 0.0206883 0.0587570 -0.0418488 0.0198634 0.0236080 -0.0523410 -0.0184723 -0.0082389 -0.0248246 -0.0174685 -0.0419134 0.0142232 0.0058876 -0.0108468 0.0111767 -0.0061577 -0.0098210 -0.0175614 -0.0349322 0.0189245 -0.0249254 0.0209198 -0.0382333 -0.0061045 0.0529319 -0.0373004 -0.0339224 -0.0504222 0.0336347 -0.0249510 -0.0226311 -0.0036762
0.0077198 0.0034460 -0.0609376 -0.0111810 0.0073539 -0.0045752 -0.0055481 0.0053771 0.0132492 0.0123587 -0.0021975 0.0010404 -0.0077165 -0.0551938 -0.0120236 -0.0180908 0.9189792 -0.0241830 -0.0191987 -0.0266662 0.0043752 -0.0057883 -0.0320525 0.0346381 -0.0081966 -0.0263109 0.0087569 0.0087263 -0.0317224 0.0579728 0.0271955 0.0201643 -0.0119310 -0.0126325 -0.0368301 0.0010622 0.0176395 0.0049769 -0.0491040 -0.0193566 0.0190461 0.0084141 0.0700046 -0.0146515 -0.0309578 0.0614383 -0.0179867 -0.0022590 -0.0094360 0.0299026 -0.0182107 0.0406059 0.0324797 0.0106488 -0.0400151 0.0344563 -0.0095976 0.0220955 0.0209782 0.0250558 -0.0405994 0.0012162 0.0053844 -0.0171991 -0.0300547 0.0348127 0.0307448 -0.0206906 0.0458668 -0.0352003 0.0292053 -0.0200999 0.0110683 -0.0346415 -0.0326934 -0.0049994 0.0000609 0.0472331 -0.0094835 -0.0284215 0.0406374 0.0160739 -0.0345027 -0.0470698 -0.0060317 0.0600195 0.0105936 0.0383172 0.1100463 -0.0389499 -0.0215960 -0.0298798 0.0365572 -0.0245268 0.0002881 -0.0081840 -0.0143379 0.0185548 0.0040547 -0.0331312 0.0204314 -0.0016591 -0.0277487 -0.0015587 0.0212686 -0.0208837 -0.0693723 0.0349398 -0.0001425 -0.0286089 0.0042545 -0.0496924 0.0061346 -0.0208361 -0.0089476 0.0153198 -0.0025506 -0.0501403 0.0092162 0.0088158 -0.0079661 0.0492755 -0.0547038 0.0076300 -0.0110868 -0.0210785 0.0428464 -0.0190349 -0.0309480 -0.0089808 -0.0344883 -0.0014253 -0.0233766 -0.0004749 0.0305444 0.0319220 0.0368216 0.0320149 -0.0470663 0.0588392 0.0289880 -0.0054242 -0.0160917 0.0077697 -0.0129570 -0.0038487 -0.0032656 -0.0718790 0.0438085 0.0007326 -0.0023396 -0.0191742 -0.0011524 -0.0039205 -0.0522479 0.0107557 -0.0090923 0.0207207 -0.0218181 0.0170148 -0.0301765 -0.0125880 -0.0478148 0.0501573 -0.0350020 -0.0025167 0.0036166 -0.0389809 -0.0324525 0.0014224 0.0036886 0.0052826 0.0097903 -0.0019917 -0.0127108 -0.0184059 0.0198369 0.0228901 -0.0483718 -0.0331403 -0.0013884 -0.0330552 -0.0249763 0.0449050 0.0174047 -0.0141280 -0.0136212 0.0203043 -0.0173530 -0.0113580 0.0158809 -0.0169556
0.0298350 0.0154384 -0.0535155 -0.0498846 0.0078175 -0.0231909 0.0069036 0.0358392 0.0098125 -0.0287408 -0.0047090 0.0317765 0.0117229 0.0365559 0.0550941 -0.0150806 -0.0241830 0.8906251 -0.0403458 -0.0130993 -0.0435176 0.0115583 -0.0246756 0.0099975 0.0152110 0.0175640 0.0076778 0.0610170 0.0060512 0.0125884 0.0095311 0.0058263 0.0186447 0.0362718 0.0068420 0.0113558 -0.0321707 -0.0015343 0.0193912 -0.0120813 0.0110763 0.0683683 -0.0678667 0.0554809 -0.0312052 0.0449522 0.0047237 -0.0501679 -0.0103115 0.0038076 0.0378871 0.0055033 -0.0071984 -0.0447484 0.0277008 0.0026917 0.0335880 0.0123135 -0.0112563 0.0240579 0.0451763 -0.0494777 0.0045363 -0.0015062 0.0258987 -0.0162765 -0.0045143 0.0120683 -0.0244776 -0.0134424 0.0119536 -0.0610445 0.0013515 0.0088436 -0.0318950 0.0232128 -0.0602434 -0.0002347 0.0006873 -0.0099174 0.0065975 0.0506689 0.0169149 0.0088244 -0.0173694 -0.0046940 -0.0260432 0.0380582 -0.0112502 0.0148372 0.0259364 0.0155937 0.0144259 -0.0089626 -0.0158091 0.0042612 0.0011535 0.0178568 -0.0334844 -0.0136266 -0.0434841 0.0231909 -0.0172412 0.0281658 -0.0854717 0.0119551 -0.0201071 -0.0096868 -0.0278275 -0.0199223 0.0291123 0.0088798 0.0016911 -0.0295837 -0.0014738 -0.0247912 -0.0953463 0.0008085 -0.0266516 -0.0144935 0.0103899 -0.0515625 -0.0409574 -0.0021620 0.0283032 0.0261181 -0.0158524 -0.0077851 -0.0125668 0.0474632 -0.0468702 0.0087732 -0.0008507 0.0256295 0.0099852 -0.0096512 -0.0077087 0.0465573 -0.0072557 -0.0358904 -0.0503174 0.0324168 -0.0314776 -0.0272973 -0.0178566 -0.0477225 0.0093636 -0.0042230 0.0048338 0.0405174 -0.0142292 -0.0041575 0.0099575 -0.0308027 0.0659580 -0.0424431 -0.0277922 -0.0322892 -0.0077104 0.0061711 -0.0260365 0.0189370 -0.0246245 -0.0056843 -0.0151161 0.0183561 -0.0298227 -0.0627908 -0.0070947 -0.0270431 0.0096898 0.0046440 -0.0304840 -0.0167678 0.0045104 0.0825915 -0.0345937 -0.0254557 -0.0281374 -0.0050248 0.0061835 0.0200244 -0.0243651 -0.0014411 0.0397530 -0.0430282 0.0167424 0.0318454 0.0185554 -0.0207014 -0.0413677 0.0203557
0.0014890 -0.0206574 0.0392709 -0.0568486 0.0205041 -0.0661159 -0.0058970 0.0027898 -0.0527434 -0.0376895 -0.0174562 -0.0160692 -0.0393363 -0.0151299 0.0123580 -0.0273423 -0.0191987 -0.0403458 0.9836037 -0.0088028 -0.0048830 -0.0554785 -0.0384157 0.0464928 -0.0409166 -0.0505416 0.0096891 -0.0408281 0.0295673 -0.0340075 -0.0133491 0.0275794 0.0626679 -0.0628970 -0.0181499 0.0205703 -0.0123828 0.0152901 0.0042973 0.0252808 0.0247440 0.0324879 -0.0314616 -0.0004719 0.0123017 -0.0111471 0.0063324 0.0144014 -0.0687079 -0.0179286 -0.0069629 0.0145178 -0.0223750 -0.0071565 0.0221522 0.0240920 -0.0191282 0.0074522 0.0071157 0.0626152 -0.0264692 -0.0192268 -0.0266749 -0.0050644 -0.0341162 0.0063216 0.0144155 0.0816090 0.0374680 0.0689059 0.0386913 -0.0322731 0.0025271 -0.0155644 0.0227174 0.0318007 0.0293756 -0.0037279 -0.0161163 -0.0288863 -0.0123900 -0.0043978 -0.0365738 0.0284644 -0.0172344 -0.0319930 -0.0075155 -0.0312786 0.0118163 0.0091438 0.0156918 -0.0074901 -0.0039386 -0.0559369 0.0031836 -0.0162020 -0.0103306 -0.0322544 0.0475058 -0.0484193 0.0327089 -0.0180221 0.0011620 -0.0385518 -0.0306765 -0.0126227 0.0703981 0.0356819 -0.0342709 0.0052765 0.0448359 0.0051202 -0.0546018 0.0404138 -0.0110481 -0.0011780 0.0117692 -0.0101586 -0.0111981 0.0160377 -0.0034601 0.0502123 -0.0155721 0.0404211 -0.0556489 0.0323971 -0.0115819 0.0459814 -0.0000461 -0.0132286 0.0086798 -0.0429724 0.0109206 -0.0230914 0.0051382 -0.0430955 -0.0048939 -0.0150427 0.0209826 0.0249263 -0.0397923 0.0399903 -0.0025163 -0.0381790 0.0501640 -0.0139152 -0.0045008 -0.0385255 -0.0051899 -0.0097978 0.1075109 0.0232514 -0.0606678 0.0609992 0.0160917 0.0152607 -0.0499067 0.0618049 0.0139362 -0.0098817 -0.0354379 0.0038010 -0.0331690 -0.0027906 -0.0695000 0.0280938 -0.0533748 0.0029905 0.0041074 0.0658270 0.0351742 0.0169692 -0.0139217 -0.0030865 0.0094003 0.0417180 -0.0324118 -0.0090463 0.0159322 0.0418463 -0.0260807 -0.0144289 -0.0672756 -0.0448188 0.0345257 -0.0446401 0.0190732 0.0196063 0.0151154 -0.0102502 -0.0608511 -0.0387919
