1.0313362 -0.0037678 -0.0302148 -0.0329649 -0.0073441 -0.0318626 -0.0044038 0.0146476 -0.0047590 0.0159483 -0.0011815 0.0151557 0.0124259 0.0036604 0.0134518 -0.0002850 -0.0290106 -0.0214447 -0.0336897 -0.0023664 -0.0073702 -0.0004123 -0.0042929 -0.0017502 -0.0030071 0.0000810 -0.0010222 0.0078740 0.0131787 0.0117535 -0.0058083 0.0056326 -0.0014356 0.0128525 0.0112932 -0.0077143 -0.0151293 0.0081479 -0.0224690 0.0084138 -0.0185984 0.0009483 -0.0053509 -0.0136707 -0.0031011 -0.0198636 0.0147573 0.0098038 0.0155724 0.0021931 -0.0132661 0.0008902 0.0048343 -0.0139851 0.0155460 0.0137163 -0.0072201 -0.0015701 0.0122273 0.0071409 0.0014047 0.0006632 0.0136629 -0.0198115 0.0101534 0.0118259 -0.0295082 -0.0036245 0.0152010 -0.0018942 -0.0046197 0.0109783 -0.0275586 0.0125025 0.0002992 0.0029563 -0.0199822 -0.0223723 -0.0003190 0.0143022 -0.0154751 -0.0067490 -0.0194395 0.0140315 -0.0182613 0.0118425 -0.0027148 0.0156683 -0.0198048 -0.0163563 -0.0144978 -0.0219162 -0.0008635 0.0008977 -0.0078820 -0.0325522 -0.0127315 -0.0160869 -0.0020167 -0.0184736 -0.0198045 0.0071830 0.0010231 -0.0166873 -0.0297672 0.0060564 0.0152577 -0.0335316 -0.0016724 -0.0020912 -0.0334324 -0.0030448 -0.0044882 0.0156184 0.0105399 -0.0171409 -0.0053146 -0.0167074 -0.0168067 0.0122201 0.0118589 -0.0124316 -0.0095819 -0.0294909 0.0043836 0.0140558 -0.0011457 0.0108903 0.0153771 -0.0051691 0.0128665 -0.0127908 -0.0161553 0.0024628 -0.0211503 -0.0002079 -0.0013342 0.0132259 -0.0311728 0.0014604 -0.0033387 -0.0125791 -0.0023499 -0.0165058 -0.0082774 0.0000242 0.0120207 -0.0017671 0.0019170 -0.0050364 0.0013052 -0.0189705 -0.0040458 -0.0150962 -0.0015809 -0.0156816 0.0137707 -0.0287408 -0.0012632 0.0113496 0.0116395 0.0152087 -0.0023009 -0.0015895 -0.0054820 0.0040648 0.0144213 -0.0145116 0.0094181 0.0022189 0.0143847 0.0114515 -0.0043602 -0.0151011 0.0156035 -0.0134160 -0.0206281 0.0174372 0.0007060 0.0109306 -0.0086537 0.0003746 0.0098521 0.0059491 -0.0006424 0.0090709 0.0115260 -0.0182462 -0.0155111 0.0104831 -0.0045482 0.0073376
-0.0037678 1.0176065 -0.0000029 -0.0002064 -0.0027692 0.0017003 -0.0034209 -0.0021496 -0.0011197 -0.0055456 -0.0004177 -0.0030873 -0.0021165 -0.0027592 -0.0017745 -0.0013529 -0.0000468 -0.0015893 0.0019929 -0.0019611 -0.0017133 -0.0043855 -0.0018388 -0.0016452 -0.0011067 -0.0012403 -0.0020523 -0.0047940 -0.0032470 -0.0032924 -0.0023979 -0.0029529 -0.0032346 -0.0033321 -0.0032238 -0.0020866 -0.0012385 -0.0068736 -0.0007574 -0.0022819 -0.0018573 -0.0036116 -0.0036125 -0.0010480 -0.0029601 -0.0003002 -0.0041926 -0.0022574 -0.0059619 -0.0038973 -0.0014512 -0.0054758 -0.0031356 0.0003955 -0.0042514 -0.0036619 -0.0020480 -0.0009204 -0.0024304 -0.0040515 -0.0024906 -0.0031448 -0.0038513 -0.0015611 -0.0022020 -0.0036942 -0.0014660 -0.0048935 -0.0043652 -0.0012141 -0.0020663 -0.0029655 0.0026937 -0.0031844 -0.0049919 -0.0022199 -0.0010176 0.0005753 0.0001965 -0.0031396 -0.0003682 -0.0008363 -0.0018540 -0.0058493 0.0001935 -0.0031439 -0.0021549 -0.0040530 0.0005342 -0.0016356 -0.0031949 0.0001260 -0.0026727 -0.0036389 -0.0017684 0.0003407 -0.0011802 -0.0014337 -0.0000455 -0.0006797 -0.0015131 -0.0020728 -0.0058842 -0.0015311 -0.0008075 -0.0031943 -0.0038004 -0.0006902 -0.0035707 -0.0018886 -0.0005291 -0.0010436 -0.0020371 -0.0027105 -0.0026344 -0.0019950 -0.0038651 -0.0017351 -0.0044587 -0.0042529 -0.0041158 -0.0032678 -0.0022557 -0.0003782 -0.0029282 -0.0035934 -0.0022883 -0.0056719 -0.0046105 -0.0017746 -0.0018082 -0.0020004 -0.0011668 -0.0019408 -0.0001187 -0.0028227 -0.0027937 -0.0049887 0.0009492 -0.0025536 -0.0018570 -0.0012755 -0.0023435 -0.0018810 -0.0012162 -0.0039252 -0.0042979 -0.0017013 -0.0019999 -0.0029997 -0.0032436 -0.0015840 -0.0024709 -0.0003644 -0.0033626 -0.0029040 -0.0032219 0.0002161 -0.0051783 -0.0023665 -0.0028687 -0.0023047 -0.0031067 -0.0050500 0.0001908 -0.0031070 -0.0040831 -0.0037228 -0.0032823 -0.0048708 -0.0033740 -0.0027237 -0.0015536 -0.0024188 -0.0022883 -0.0010051 -0.0004015 -0.0043465 -0.0030645 -0.0033657 -0.0003887 -0.0020538 -0.0050354 -0.0020543 -0.0017125 -0.0034804 -0.0038769 0.0010408 -0.0002245 -0.0014214 -0.0025756 -0.0030620
-0.0302148 -0.0000029 1.0733041 0.0637621 0.0021806 0.0612736 0.0011746 -0.0381882 0.0013070 -0.0400924 -0.0031361 -0.0397539 -0.0381273 -0.0192690 -0.0347134 -0.0054533 0.0586939 0.0371018 0.0646419 -0.0029595 0.0031473 -0.0079840 0.0012703 -0.0050306 -0.0001112 -0.0074813 -0.0019202 -0.0299903 -0.0373399 -0.0364411 0.0043172 -0.0204288 -0.0054732 -0.0380759 -0.0351948 0.0088334 0.0277299 -0.0240416 0.0413494 -0.0310536 0.0289378 -0.0066264 -0.0003154 0.0234787 0.0001889 0.0283108 -0.0405323 -0.0310311 -0.0421704 -0.0153174 0.0187786 -0.0089853 -0.0205866 0.0241228 -0.0372577 -0.0358493 0.0057978 0.0012598 -0.0344119 -0.0275581 -0.0160504 -0.0121784 -0.0414599 0.0324196 -0.0319554 -0.0369153 0.0552567 -0.0057652 -0.0389291 -0.0039821 0.0024586 -0.0315744 0.0518891 -0.0363946 -0.0078321 -0.0133738 0.0363125 0.0395910 -0.0080342 -0.0376111 0.0249558 0.0052363 0.0332995 -0.0356720 0.0287542 -0.0343026 -0.0036553 -0.0433556 0.0317297 0.0233560 0.0197814 0.0397108 -0.0070948 -0.0093851 0.0045519 0.0621985 0.0204284 0.0312715 -0.0084091 0.0341461 0.0342749 -0.0244513 -0.0145504 0.0293523 0.0543391 -0.0181227 -0.0363776 0.0595381 -0.0088997 -0.0021289 0.0637408 -0.0040037 -0.0033613 -0.0404189 -0.0263375 0.0292037 0.0035482 0.0307229 0.0240072 -0.0337770 -0.0357570 0.0245445 0.0153864 0.0559959 -0.0153307 -0.0416856 -0.0023441 -0.0338563 -0.0411366 0.0003271 -0.0351135 0.0195458 0.0289061 -0.0154226 0.0387135 -0.0083988 -0.0084547 -0.0371274 0.0611154 -0.0166577 -0.0015301 0.0187417 -0.0003544 0.0299595 0.0133885 -0.0110544 -0.0325039 -0.0023187 -0.0154633 0.0006225 -0.0108603 0.0300096 0.0022664 0.0212219 -0.0056168 0.0226918 -0.0358149 0.0565289 -0.0087607 -0.0347339 -0.0354951 -0.0330416 -0.0031781 -0.0040776 0.0040215 -0.0193026 -0.0367619 0.0255646 -0.0327486 -0.0093764 -0.0390378 -0.0341060 -0.0031817 0.0215429 -0.0382811 0.0213010 0.0337638 -0.0413813 -0.0067513 -0.0317168 0.0113839 -0.0058985 -0.0305905 -0.0226477 -0.0101632 -0.0286461 -0.0311779 0.0325406 0.0280088 -0.0319062 0.0005654 -0.0292817
-0.0329649 -0.0002064 0.0637621 1.0782380 0.0013031 0.0666192 0.0026237 -0.0410673 0.0028687 -0.0442444 -0.0040246 -0.0426530 -0.0407297 -0.0198132 -0.0376499 -0.0063351 0.0653810 0.0410022 0.0709346 -0.0021611 0.0053378 -0.0067301 -0.0001303 -0.0068882 0.0000496 -0.0083981 -0.0008231 -0.0319451 -0.0386355 -0.0382893 0.0062895 -0.0225548 -0.0055381 -0.0385800 -0.0392022 0.0100796 0.0297515 -0.0270768 0.0461198 -0.0324298 0.0314466 -0.0060244 0.0018022 0.0251093 0.0022940 0.0331703 -0.0443281 -0.0317142 -0.0454469 -0.0141556 0.0233709 -0.0105081 -0.0209513 0.0265367 -0.0396507 -0.0390044 0.0063881 0.0016727 -0.0377439 -0.0298990 -0.0177645 -0.0103411 -0.0429486 0.0353923 -0.0347736 -0.0378562 0.0624800 -0.0041642 -0.0434647 -0.0028408 0.0018899 -0.0345845 0.0571713 -0.0393679 -0.0074140 -0.0154858 0.0408025 0.0419409 -0.0077759 -0.0414883 0.0291314 0.0064960 0.0366936 -0.0401351 0.0312637 -0.0364618 -0.0025567 -0.0475940 0.0342511 0.0271030 0.0214529 0.0430688 -0.0060264 -0.0096428 0.0060759 0.0676513 0.0232585 0.0345583 -0.0095220 0.0385762 0.0393963 -0.0252160 -0.0158220 0.0319866 0.0601398 -0.0188663 -0.0389710 0.0661473 -0.0072575 -0.0020089 0.0694422 -0.0042880 -0.0023886 -0.0414803 -0.0293287 0.0335017 0.0031218 0.0367788 0.0259738 -0.0348036 -0.0371548 0.0273950 0.0184566 0.0625175 -0.0156146 -0.0457952 -0.0025573 -0.0391490 -0.0434321 0.0014586 -0.0382191 0.0218617 0.0333908 -0.0158676 0.0418659 -0.0091906 -0.0087796 -0.0408437 0.0686069 -0.0181499 0.0002835 0.0200149 -0.0003669 0.0327410 0.0141727 -0.0107903 -0.0323411 -0.0009724 -0.0143399 0.0031138 -0.0085266 0.0323603 0.0047076 0.0262270 -0.0037918 0.0262649 -0.0373119 0.0626755 -0.0073254 -0.0371522 -0.0391015 -0.0358466 -0.0033389 -0.0044763 0.0044890 -0.0197033 -0.0384914 0.0280286 -0.0325220 -0.0121327 -0.0415576 -0.0370515 0.0004257 0.0223403 -0.0400599 0.0233256 0.0370368 -0.0455869 -0.0057844 -0.0350609 0.0159780 -0.0066142 -0.0355857 -0.0275811 -0.0134052 -0.0296909 -0.0335842 0.0349367 0.0327714 -0.0346059 -0.0011530 -0.0313822
-0.0073441 -0.0027692 0.0021806 0.0013031 1.0266274 0.0039044 -0.0027586 -0.0047382 -0.0027089 -0.0042972 -0.0021987 -0.0052097 -0.0060057 -0.0055366 -0.0033417 -0.0020167 0.0014104 -0.0007027 0.0020254 -0.0014397 -0.0012872 -0.0021947 -0.0002223 -0.0031859 -0.0022374 -0.0026279 -0.0037991 -0.0047467 -0.0036493 -0.0057616 -0.0015286 -0.0038208 -0.0050655 -0.0039510 -0.0037537 -0.0023524 -0.0022403 -0.0016366 -0.0000611 -0.0047690 0.0000692 -0.0032138 -0.0028074 -0.0021576 -0.0031090 -0.0022564 -0.0051035 -0.0032440 -0.0053532 -0.0038164 -0.0024072 -0.0034734 -0.0026134 -0.0004267 -0.0064674 -0.0053747 -0.0012136 -0.0004434 -0.0039259 -0.0047855 -0.0048248 -0.0036821 -0.0049382 0.0014745 -0.0059418 -0.0057982 0.0017626 -0.0036307 -0.0042295 -0.0025478 -0.0018716 -0.0045618 -0.0000446 -0.0037231 -0.0032754 -0.0044149 -0.0003880 0.0014380 -0.0021845 -0.0058671 0.0004738 -0.0014394 -0.0017526 -0.0060956 -0.0006004 -0.0047327 -0.0028930 -0.0040521 -0.0005182 -0.0010054 0.0003064 0.0003538 -0.0031531 -0.0029561 -0.0023427 0.0018607 -0.0030854 0.0011868 -0.0028507 -0.0016312 -0.0013215 -0.0052322 -0.0026076 0.0002463 0.0009090 -0.0046704 -0.0040354 0.0016074 -0.0036275 -0.0025549 0.0006310 -0.0019610 -0.0017528 -0.0038528 -0.0035993 0.0008016 -0.0038318 -0.0029455 0.0015173 -0.0042192 -0.0048944 -0.0034663 -0.0028486 -0.0003190 -0.0033077 -0.0048376 -0.0034043 -0.0037930 -0.0052999 -0.0034646 -0.0046444 -0.0029145 -0.0017239 -0.0029295 0.0007367 -0.0039729 -0.0029429 -0.0057210 0.0002794 -0.0044127 -0.0019087 -0.0007788 -0.0027322 -0.0007038 -0.0018347 -0.0043547 -0.0046695 -0.0023497 -0.0029253 -0.0015667 -0.0039971 -0.0011453 -0.0008873 -0.0004739 -0.0034006 -0.0026784 -0.0052769 0.0006598 -0.0048805 -0.0043078 -0.0050250 -0.0029882 -0.0022132 -0.0040352 -0.0016510 -0.0049683 -0.0064818 -0.0024783 -0.0045443 -0.0044488 -0.0060311 -0.0045258 -0.0026689 -0.0003857 -0.0037099 -0.0016052 -0.0016288 -0.0050975 -0.0018778 -0.0050630 -0.0015092 -0.0045069 -0.0039810 -0.0031785 -0.0011561 -0.0049447 -0.0034439 -0.0002436 -0.0002738 -0.0040098 -0.0020053 -0.0040618
-0.0318626 0.0017003 0.0612736 0.0666192 0.0039044 1.0726925 0.0001411 -0.0390073 0.0034029 -0.0431743 -0.0034373 -0.0394995 -0.0382352 -0.0194924 -0.0361541 -0.0056277 0.0595010 0.0391497 0.0660423 -0.0026595 0.0045168 -0.0059209 0.0001979 -0.0049435 0.0008761 -0.0058340 -0.0015620 -0.0302663 -0.0370451 -0.0374966 0.0043400 -0.0214170 -0.0063083 -0.0377151 -0.0356372 0.0090209 0.0269989 -0.0263045 0.0430755 -0.0298753 0.0287645 -0.0069009 0.0010550 0.0235908 0.0006593 0.0312727 -0.0410931 -0.0321857 -0.0432636 -0.0151574 0.0198454 -0.0093977 -0.0206300 0.0243165 -0.0389241 -0.0371773 0.0078662 0.0019069 -0.0356386 -0.0288324 -0.0161187 -0.0121286 -0.0419348 0.0325159 -0.0322690 -0.0361361 0.0586358 -0.0048221 -0.0399577 -0.0039703 0.0029270 -0.0328416 0.0546517 -0.0363492 -0.0074104 -0.0135050 0.0388945 0.0408395 -0.0077722 -0.0388305 0.0277934 0.0060725 0.0345774 -0.0375640 0.0301401 -0.0334070 -0.0022188 -0.0440263 0.0340199 0.0259442 0.0219817 0.0412007 -0.0051344 -0.0098610 0.0043969 0.0650798 0.0208146 0.0323522 -0.0086988 0.0352336 0.0353883 -0.0240833 -0.0142719 0.0302175 0.0587113 -0.0180149 -0.0361672 0.0609050 -0.0068687 -0.0019170 0.0653297 -0.0024859 -0.0017621 -0.0388499 -0.0275284 0.0319451 0.0037317 0.0340576 0.0242575 -0.0322169 -0.0346614 0.0260759 0.0173095 0.0602802 -0.0148434 -0.0426649 -0.0023185 -0.0371627 -0.0410848 0.0020729 -0.0380152 0.0221451 0.0302770 -0.0155348 0.0395054 -0.0084546 -0.0078566 -0.0380675 0.0649364 -0.0151684 -0.0022518 0.0177533 -0.0007587 0.0320536 0.0112798 -0.0107594 -0.0319644 0.0009733 -0.0141469 0.0025947 -0.0078290 0.0315630 0.0015337 0.0239656 -0.0037884 0.0232326 -0.0365071 0.0591044 -0.0071814 -0.0361287 -0.0377080 -0.0338728 -0.0037468 -0.0049466 0.0047372 -0.0190296 -0.0368604 0.0232815 -0.0315485 -0.0107339 -0.0406426 -0.0340657 -0.0006571 0.0204766 -0.0383642 0.0221817 0.0366374 -0.0435377 -0.0023321 -0.0321745 0.0148013 -0.0061681 -0.0318840 -0.0245453 -0.0121022 -0.0277095 -0.0333208 0.0348937 0.0310630 -0.0318459 -0.0013371 -0.0298912
-0.0044038 -0.0034209 0.0011746 0.0026237 -0.0027586 0.0001411 1.0294429 -0.0052541 -0.0010086 -0.0058792 -0.0023030 -0.0056171 -0.0049856 -0.0032155 -0.0047163 -0.0025996 0.0018137 0.0002171 0.0037044 -0.0020450 -0.0010016 -0.0030153 -0.0021963 -0.0040291 -0.0027217 -0.0027697 -0.0026161 -0.0033458 -0.0004936 -0.0066400 -0.0007166 -0.0032445 -0.0019833 -0.0043726 -0.0067824 -0.0021554 -0.0006160 -0.0034402 0.0012173 -0.0054968 -0.0009122 -0.0045080 -0.0010348 -0.0010377 -0.0018588 0.0004073 -0.0066621 -0.0037508 -0.0057261 -0.0021284 -0.0013763 -0.0050996 -0.0037273 -0.0000624 -0.0055430 -0.0046584 -0.0020882 -0.0003035 -0.0048013 -0.0048884 -0.0038573 -0.0046457 -0.0051451 -0.0009997 -0.0043097 -0.0064239 0.0014782 -0.0038792 -0.0061299 -0.0018957 -0.0026151 -0.0063604 -0.0004130 -0.0050497 -0.0011669 -0.0029303 -0.0003671 0.0008764 -0.0028530 -0.0053867 -0.0014499 -0.0015955 0.0001470 -0.0049628 -0.0008392 -0.0035079 -0.0027487 -0.0053511 0.0018272 0.0005542 -0.0021995 -0.0002618 -0.0025524 -0.0019959 -0.0029211 0.0008603 -0.0004997 -0.0004608 -0.0037035 -0.0008140 0.0000270 -0.0049082 -0.0047274 0.0000524 0.0019491 -0.0015154 -0.0064061 0.0011914 -0.0015132 -0.0017930 0.0012488 -0.0025355 -0.0034865 -0.0066472 -0.0047321 0.0001759 -0.0018394 -0.0013893 -0.0017045 -0.0056248 -0.0031954 -0.0017396 -0.0022667 0.0012066 -0.0030085 -0.0037610 -0.0038955 -0.0044810 -0.0057951 -0.0024705 -0.0048573 -0.0021149 0.0005826 -0.0013013 0.0004474 -0.0036206 -0.0034298 -0.0033759 0.0006485 -0.0049067 -0.0055782 -0.0029791 -0.0020509 0.0000359 -0.0012587 -0.0054753 -0.0042433 -0.0027986 -0.0028650 -0.0030839 -0.0047282 -0.0005399 -0.0031520 -0.0012012 -0.0028045 -0.0008708 -0.0041877 0.0023636 -0.0037721 -0.0056435 -0.0073613 -0.0028135 -0.0013260 -0.0033210 -0.0023673 -0.0055859 -0.0051292 -0.0014034 -0.0054427 -0.0041411 -0.0062702 -0.0064521 -0.0015026 -0.0011894 -0.0045333 -0.0008270 0.0022935 -0.0056319 -0.0020326 -0.0048349 -0.0018646 -0.0028313 -0.0059538 -0.0053129 -0.0034369 -0.0047014 -0.0031512 0.0004398 0.0011947 -0.0055492 -0.0014656 -0.0058264
0.0146476 -0.0021496 -0.0381882 -0.0410673 -0.0047382 -0.0390073 -0.0052541 1.0247879 -0.0057088 0.0208858 -0.0010216 0.0211022 0.0190233 0.0095381 0.0168682 0.0008323 -0.0361948 -0.0242942 -0.0403275 -0.0016759 -0.0053712 0.0007790 -0.0058133 0.0003778 -0.0039436 0.0023311 -0.0017583 0.0137569 0.0174929 0.0198436 -0.0050298 0.0081549 0.0005695 0.0190467 0.0189878 -0.0082009 -0.0186706 0.0105549 -0.0267925 0.0133238 -0.0200434 0.0008545 -0.0056354 -0.0170538 -0.0036341 -0.0196603 0.0214280 0.0155631 0.0224636 0.0043308 -0.0148520 0.0014709 0.0089888 -0.0152294 0.0175658 0.0168930 -0.0073515 -0.0014324 0.0178281 0.0106836 0.0078427 0.0040939 0.0218638 -0.0200477 0.0153506 0.0178567 -0.0385063 -0.0008994 0.0203508 -0.0007845 -0.0037804 0.0157622 -0.0331058 0.0186665 -0.0001176 0.0032534 -0.0252402 -0.0274294 0.0026915 0.0196149 -0.0184043 -0.0054357 -0.0220604 0.0176580 -0.0199502 0.0166011 -0.0020042 0.0237635 -0.0227012 -0.0194100 -0.0174693 -0.0262249 -0.0010762 0.0012141 -0.0067676 -0.0395511 -0.0163935 -0.0194582 0.0010021 -0.0227596 -0.0237209 0.0108537 0.0024907 -0.0209537 -0.0370122 0.0072765 0.0183156 -0.0387771 0.0005329 -0.0014193 -0.0403949 -0.0009599 -0.0012837 0.0198478 0.0118628 -0.0230453 -0.0063383 -0.0239646 -0.0194357 0.0163961 0.0174682 -0.0179251 -0.0119681 -0.0380812 0.0063210 0.0215020 -0.0010028 0.0167502 0.0208537 -0.0026452 0.0188462 -0.0162958 -0.0195861 0.0063379 -0.0243847 0.0031180 0.0023235 0.0182975 -0.0383922 0.0070125 -0.0024469 -0.0147913 -0.0015169 -0.0208361 -0.0104915 0.0039568 0.0148343 -0.0017916 0.0046526 -0.0063327 -0.0002118 -0.0216056 -0.0060369 -0.0166003 -0.0014079 -0.0180785 0.0202002 -0.0373662 0.0015928 0.0184613 0.0169336 0.0189589 -0.0011720 -0.0006044 -0.0050516 0.0085469 0.0185040 -0.0183133 0.0148891 0.0032748 0.0203398 0.0177962 -0.0015837 -0.0150657 0.0215802 -0.0151076 -0.0233221 0.0208638 -0.0016428 0.0154630 -0.0101709 -0.0001995 0.0146299 0.0110124 0.0019486 0.0131896 0.0159555 -0.0231338 -0.0202386 0.0159352 -0.0034159 0.0145732
-0.0047590 -0.0011197 0.0013070 0.0028687 -0.0027089 0.0034029 -0.0010086 -0.0057088 1.0214496 -0.0050974 -0.0015794 -0.0057129 -0.0056588 -0.0038507 -0.0041342 -0.0019609 0.0040599 0.0027929 0.0032972 -0.0012171 -0.0020307 -0.0031084 -0.0014272 -0.0028617 -0.0012556 -0.0021390 -0.0032193 -0.0067969 -0.0033022 -0.0062817 -0.0000634 -0.0038119 -0.0030763 -0.0051960 -0.0045009 -0.0012799 0.0001090 -0.0052565 0.0017309 -0.0063728 0.0000758 -0.0022174 -0.0022654 -0.0004734 -0.0016039 0.0006610 -0.0065959 -0.0030455 -0.0055407 -0.0046159 -0.0004801 -0.0037132 -0.0030802 0.0001822 -0.0043598 -0.0055044 -0.0007346 0.0002145 -0.0051517 -0.0044635 -0.0035387 -0.0028032 -0.0047639 0.0012592 -0.0047475 -0.0052677 0.0032053 -0.0039687 -0.0049704 -0.0016142 -0.0015602 -0.0050001 0.0037126 -0.0042894 -0.0037074 -0.0030134 0.0003024 0.0011240 -0.0026193 -0.0043254 -0.0002711 -0.0000698 0.0009768 -0.0050356 -0.0012824 -0.0041082 0.0002230 -0.0057239 -0.0002049 -0.0006490 -0.0008181 0.0015425 -0.0016395 -0.0023350 -0.0030871 0.0022025 -0.0010677 0.0012503 -0.0025106 -0.0001208 0.0004446 -0.0044507 -0.0035878 0.0008959 0.0022739 -0.0030781 -0.0056917 0.0014145 -0.0031611 -0.0011473 0.0017138 -0.0015683 -0.0012328 -0.0060511 -0.0061251 0.0008669 -0.0024212 0.0035888 -0.0013620 -0.0023334 -0.0041848 -0.0014196 -0.0003985 0.0012270 -0.0026844 -0.0057893 -0.0011157 -0.0045391 -0.0055235 -0.0016067 -0.0040796 -0.0014897 0.0015306 -0.0017543 0.0023176 -0.0033666 -0.0021651 -0.0054124 0.0041361 -0.0027011 -0.0052487 -0.0007472 0.0000951 0.0008303 -0.0014182 -0.0026018 -0.0054629 -0.0011649 -0.0038890 -0.0014867 -0.0035002 0.0004254 -0.0015436 0.0005401 -0.0020738 -0.0008521 -0.0042957 0.0043217 -0.0040269 -0.0047512 -0.0055697 -0.0032670 -0.0016384 -0.0024500 -0.0005353 -0.0043149 -0.0052438 -0.0004565 -0.0050278 -0.0030417 -0.0054130 -0.0039408 -0.0013575 0.0000963 -0.0045079 0.0003407 0.0009388 -0.0050342 -0.0028458 -0.0030217 -0.0011412 -0.0029127 -0.0055346 -0.0039281 -0.0026834 -0.0044243 -0.0054430 0.0003826 0.0031330 -0.0044161 -0.0012204 -0.0032845
0.0159483 -0.0055456 -0.0400924 -0.0442444 -0.0042972 -0.0431743 -0.0058792 0.0208858 -0.0050974 1.0330014 -0.0006063 0.0234172 0.0222862 0.0082594 0.0199629 0.0011736 -0.0396857 -0.0283478 -0.0442670 -0.0015714 -0.0076816 0.0003250 -0.0045862 -0.0013284 -0.0039296 0.0001513 -0.0045775 0.0157356 0.0174162 0.0195419 -0.0071239 0.0098507 -0.0011176 0.0200665 0.0211373 -0.0099049 -0.0208471 0.0123214 -0.0297077 0.0156187 -0.0236307 -0.0018589 -0.0075810 -0.0187709 -0.0046624 -0.0234065 0.0229903 0.0173862 0.0244969 0.0063724 -0.0156769 0.0004692 0.0095679 -0.0190454 0.0190564 0.0175333 -0.0093662 -0.0019129 0.0181004 0.0128145 0.0060841 0.0034949 0.0233593 -0.0226418 0.0161546 0.0178064 -0.0392844 -0.0010982 0.0228014 -0.0013202 -0.0043807 0.0169536 -0.0358391 0.0213555 -0.0017658 0.0063394 -0.0271937 -0.0295190 -0.0000059 0.0203003 -0.0230242 -0.0091423 -0.0246260 0.0207984 -0.0223803 0.0182993 -0.0021237 0.0262035 -0.0254492 -0.0192202 -0.0189907 -0.0284082 0.0001329 0.0009958 -0.0069451 -0.0450281 -0.0173228 -0.0235728 0.0003058 -0.0267401 -0.0253306 0.0126630 0.0047634 -0.0225136 -0.0418783 0.0082868 0.0189229 -0.0431143 -0.0002980 -0.0017644 -0.0460217 -0.0008859 -0.0029019 0.0208132 0.0122728 -0.0224408 -0.0083341 -0.0261235 -0.0215166 0.0174308 0.0198170 -0.0197919 -0.0137345 -0.0430481 0.0067440 0.0228662 -0.0000385 0.0189527 0.0206915 -0.0039661 0.0173206 -0.0165580 -0.0224125 0.0064113 -0.0287451 0.0025513 0.0010939 0.0199910 -0.0444918 0.0059301 -0.0021667 -0.0142210 -0.0038149 -0.0230564 -0.0126777 0.0024449 0.0182136 -0.0017778 0.0044288 -0.0076607 0.0020682 -0.0228089 -0.0052943 -0.0207176 -0.0008367 -0.0188416 0.0201869 -0.0416777 0.0008023 0.0175497 0.0211190 0.0201638 -0.0015347 -0.0025584 -0.0063713 0.0099727 0.0204743 -0.0203763 0.0165378 0.0004053 0.0214204 0.0172429 -0.0026730 -0.0191462 0.0237833 -0.0180712 -0.0251660 0.0218748 -0.0033969 0.0140403 -0.0125818 0.0028694 0.0172396 0.0110535 0.0040204 0.0123341 0.0170257 -0.0243611 -0.0236485 0.0167280 -0.0013485 0.0147878
-0.0011815 -0.0004177 -0.0031361 -0.0040246 -0.0021987 -0.0034373 -0.0023030 -0.0010216 -0.0015794 -0.0006063 1.0145748 0.0004834 -0.0022652 -0.0028217 0.0004158 -0.0019825 -0.0031345 -0.0034681 -0.0039061 -0.0018256 -0.0028440 -0.0026466 -0.0033183 -0.0022558 -0.0013809 -0.0009328 -0.0030740 -0.0020667 -0.0002805 0.0000043 -0.0011975 -0.0014811 -0.0021641 -0.0015396 0.0003555 -0.0024694 -0.0035993 -0.0014881 -0.0007752 -0.0016663 -0.0030247 -0.0025157 -0.0025337 -0.0032196 -0.0027368 -0.0025913 -0.0013173 -0.0012478 -0.0002809 -0.0026125 -0.0015965 -0.0042738 -0.0013427 -0.0021551 -0.0010844 -0.0001237 -0.0012809 -0.0006027 -0.0016330 -0.0009513 -0.0011078 -0.0026541 -0.0013658 -0.0027121 0.0001338 -0.0015055 -0.0050522 -0.0043444 0.0005287 -0.0024378 -0.0015412 0.0001475 -0.0031022 -0.0007625 -0.0023262 -0.0005790 -0.0038491 -0.0023750 -0.0021718 -0.0016337 -0.0022807 -0.0003978 -0.0038544 -0.0011532 -0.0028388 -0.0018578 -0.0021505 0.0001195 -0.0031990 -0.0026906 -0.0037527 -0.0034011 -0.0008785 -0.0011423 -0.0022312 -0.0028614 -0.0024013 -0.0032038 -0.0013594 -0.0029004 -0.0031275 -0.0020837 -0.0015233 -0.0030729 -0.0030544 -0.0012000 -0.0007772 -0.0043999 -0.0044216 -0.0014248 -0.0037671 -0.0024729 -0.0010284 0.0001264 -0.0013671 -0.0040819 -0.0036775 -0.0045283 -0.0052281 -0.0017827 -0.0017163 -0.0026177 -0.0031794 -0.0042391 -0.0013072 -0.0018717 -0.0012711 -0.0014727 0.0017482 -0.0030170 -0.0008162 -0.0015498 -0.0021810 -0.0012385 -0.0028355 -0.0013170 -0.0022719 -0.0010707 -0.0022247 -0.0025855 -0.0021477 -0.0030871 -0.0013771 -0.0026678 -0.0056599 -0.0020043 0.0005960 -0.0019605 -0.0010868 -0.0015546 -0.0014727 -0.0037149 -0.0021332 -0.0022950 -0.0021329 -0.0033706 -0.0008723 -0.0026453 -0.0023170 -0.0011955 -0.0019282 0.0011528 -0.0027195 -0.0008922 -0.0015260 -0.0031884 0.0004968 -0.0034898 -0.0006062 -0.0031201 -0.0010606 -0.0006380 -0.0032848 -0.0035148 -0.0003472 -0.0043066 -0.0017400 0.0000645 -0.0027356 -0.0017975 -0.0029268 -0.0005459 -0.0023148 -0.0011266 -0.0012927 -0.0013037 -0.0023867 -0.0023046 -0.0021343 -0.0012012 -0.0025106 -0.0008873
0.0151557 -0.0030873 -0.0397539 -0.0426530 -0.0052097 -0.0394995 -0.0056171 0.0211022 -0.0057129 0.0234172 0.0004834 1.0269927 0.0206571 0.0089621 0.0183779 0.0015747 -0.0392001 -0.0259157 -0.0415097 -0.0014024 -0.0061994 0.0008057 -0.0043707 0.0012797 -0.0039824 0.0023791 -0.0040783 0.0144873 0.0190785 0.0205217 -0.0059586 0.0107941 0.0002832 0.0210842 0.0193153 -0.0089897 -0.0187908 0.0106776 -0.0282689 0.0174917 -0.0230277 -0.0005258 -0.0060202 -0.0183442 -0.0036924 -0.0221775 0.0221716 0.0169905 0.0248961 0.0061128 -0.0136809 0.0003658 0.0097575 -0.0172854 0.0208351 0.0182154 -0.0077637 -0.0009829 0.0189078 0.0133270 0.0081166 0.0033991 0.0221133 -0.0227853 0.0161298 0.0186087 -0.0401407 -0.0010394 0.0213042 -0.0002892 -0.0015507 0.0165689 -0.0356358 0.0200362 -0.0000755 0.0064147 -0.0270604 -0.0266470 0.0023002 0.0208437 -0.0203087 -0.0066528 -0.0253061 0.0188202 -0.0203896 0.0184315 0.0001634 0.0249240 -0.0242242 -0.0186383 -0.0169294 -0.0279676 0.0008890 0.0026155 -0.0080827 -0.0417694 -0.0158890 -0.0231383 0.0012334 -0.0235079 -0.0251026 0.0123620 0.0037231 -0.0211386 -0.0400093 0.0078693 0.0202005 -0.0430915 0.0004306 -0.0016642 -0.0427475 -0.0001933 -0.0029481 0.0202840 0.0127668 -0.0227491 -0.0045379 -0.0236242 -0.0215602 0.0168923 0.0179410 -0.0207313 -0.0129966 -0.0398320 0.0064559 0.0225590 -0.0001050 0.0174699 0.0240135 -0.0048324 0.0184797 -0.0185980 -0.0211230 0.0061953 -0.0258710 0.0034455 0.0007209 0.0199972 -0.0406972 0.0047656 -0.0038039 -0.0147079 -0.0018394 -0.0207659 -0.0116773 0.0039740 0.0159824 -0.0019222 0.0068648 -0.0051633 0.0014791 -0.0208072 -0.0052169 -0.0176491 0.0013953 -0.0182009 0.0201826 -0.0397237 0.0020682 0.0191077 0.0189263 0.0193115 -0.0019986 -0.0004484 -0.0061056 0.0092595 0.0212980 -0.0189107 0.0169937 0.0030913 0.0209203 0.0177572 -0.0030356 -0.0168246 0.0227081 -0.0163351 -0.0243227 0.0217241 -0.0016771 0.0153284 -0.0101815 0.0011723 0.0171338 0.0118046 0.0026072 0.0140296 0.0165724 -0.0229111 -0.0202921 0.0166612 -0.0020233 0.0165535
0.0124259 -0.0021165 -0.0381273 -0.0407297 -0.0060057 -0.0382352 -0.0049856 0.0190233 -0.0056588 0.0222862 -0.0022652 0.0206571 1.0262328 0.0088912 0.0166541 0.0009143 -0.0379733 -0.0245020 -0.0407105 -0.0027279 -0.0070772 0.0000370 -0.0051877 -0.0004802 -0.0038616 0.0010916 -0.0039849 0.0109989 0.0159331 0.0164725 -0.0068432 0.0087507 0.0000352 0.0181821 0.0177145 -0.0091260 -0.0203720 0.0100619 -0.0255685 0.0132383 -0.0210707 -0.0007573 -0.0048585 -0.0174585 -0.0043026 -0.0219070 0.0192164 0.0157826 0.0247331 0.0075401 -0.0153183 0.0024713 0.0074156 -0.0185813 0.0182082 0.0155575 -0.0083125 -0.0017847 0.0161114 0.0115317 0.0039192 0.0036548 0.0204233 -0.0219715 0.0146331 0.0164813 -0.0361338 -0.0022932 0.0191014 -0.0027591 -0.0052791 0.0163077 -0.0335248 0.0178188 0.0007039 0.0035310 -0.0252745 -0.0268392 0.0004036 0.0202285 -0.0212485 -0.0064851 -0.0227333 0.0169546 -0.0192004 0.0156627 0.0002924 0.0238391 -0.0239747 -0.0157034 -0.0183788 -0.0268864 0.0004118 0.0017790 -0.0080837 -0.0397163 -0.0180172 -0.0220532 0.0029588 -0.0223567 -0.0235589 0.0111430 0.0041813 -0.0201521 -0.0367727 0.0068752 0.0200933 -0.0395209 0.0001563 -0.0006115 -0.0402244 -0.0002608 -0.0028208 0.0194665 0.0107351 -0.0219867 -0.0058432 -0.0224711 -0.0188746 0.0135841 0.0163431 -0.0191667 -0.0129744 -0.0364638 0.0058574 0.0181300 -0.0016118 0.0160775 0.0204405 -0.0036829 0.0179467 -0.0173212 -0.0215802 0.0057436 -0.0243196 0.0017462 0.0002762 0.0172830 -0.0386448 0.0065000 -0.0037731 -0.0127136 -0.0030151 -0.0215967 -0.0111015 0.0029513 0.0144566 -0.0035221 0.0034823 -0.0062830 0.0003633 -0.0207338 -0.0054341 -0.0173727 -0.0011368 -0.0164748 0.0185587 -0.0369490 -0.0006930 0.0156907 0.0172969 0.0190904 -0.0010430 -0.0017850 -0.0056995 0.0076350 0.0178262 -0.0199379 0.0141547 0.0021181 0.0188984 0.0159865 -0.0027134 -0.0177182 0.0207210 -0.0158298 -0.0242619 0.0215036 -0.0014277 0.0157047 -0.0123237 0.0013853 0.0135411 0.0086690 0.0009454 0.0111390 0.0149913 -0.0220271 -0.0200185 0.0147542 -0.0023694 0.0129434
0.0036604 -0.0027592 -0.0192690 -0.0198132 -0.0055366 -0.0194924 -0.0032155 0.0095381 -0.0038507 0.0082594 -0.0028217 0.0089621 0.0088912 1.0293686 0.0081056 -0.0019907 -0.0193285 -0.0133754 -0.0205011 -0.0009873 -0.0047483 -0.0003463 -0.0022691 0.0002578 -0.0022757 0.0004919 -0.0046019 0.0040517 0.0072429 0.0064805 -0.0064238 0.0030455 0.0006479 0.0079401 0.0070755 -0.0057285 -0.0097891 0.0019520 -0.0137481 0.0059473 -0.0120062 -0.0009083 -0.0044318 -0.0079190 -0.0041886 -0.0124988 0.0114648 0.0064828 0.0088272 0.0005185 -0.0075249 0.0018890 0.0024457 -0.0089003 0.0087981 0.0057968 -0.0031014 -0.0005742 0.0071179 0.0043914 0.0034559 0.0021887 0.0081954 -0.0113887 0.0046174 0.0057556 -0.0196620 -0.0012219 0.0091367 -0.0019931 -0.0043792 0.0062941 -0.0176100 0.0080769 0.0004280 0.0019559 -0.0128197 -0.0159607 -0.0012152 0.0100876 -0.0091579 -0.0051402 -0.0117570 0.0065753 -0.0092014 0.0083470 -0.0012943 0.0090905 -0.0140992 -0.0106173 -0.0079139 -0.0126464 -0.0018737 -0.0001707 -0.0067542 -0.0216968 -0.0092250 -0.0105485 -0.0012271 -0.0127243 -0.0134616 0.0047518 0.0024903 -0.0119667 -0.0192798 0.0009605 0.0062496 -0.0199909 0.0002359 -0.0024089 -0.0217209 -0.0005468 -0.0019774 0.0080717 0.0052437 -0.0147611 -0.0042909 -0.0143202 -0.0095437 0.0052691 0.0080897 -0.0096361 -0.0077103 -0.0190692 0.0011777 0.0094809 -0.0002743 0.0072772 0.0090351 -0.0048712 0.0062629 -0.0110891 -0.0122286 0.0024297 -0.0128999 0.0018115 -0.0020013 0.0070439 -0.0201142 0.0031792 -0.0022519 -0.0067900 -0.0028120 -0.0101015 -0.0056983 0.0010557 0.0063704 -0.0036436 0.0001058 -0.0041051 0.0015577 -0.0113409 -0.0051159 -0.0109438 -0.0008687 -0.0094669 0.0083526 -0.0195065 0.0010584 0.0071286 0.0082878 0.0086257 -0.0026458 -0.0018176 -0.0025792 0.0023394 0.0083024 -0.0104934 0.0051728 0.0010367 0.0073960 0.0077716 -0.0019587 -0.0078408 0.0104409 -0.0070446 -0.0131912 0.0090227 -0.0038360 0.0048319 -0.0044383 -0.0007709 0.0056146 0.0028611 0.0000393 0.0058206 0.0066620 -0.0131174 -0.0118591 0.0076813 -0.0040750 0.0060108
0.0134518 -0.0017745 -0.0347134 -0.0376499 -0.0033417 -0.0361541 -0.0047163 0.0168682 -0.0041342 0.0199629 0.0004158 0.0183779 0.0166541 0.0081056 1.0263128 0.0004632 -0.0352821 -0.0234932 -0.0375577 -0.0022729 -0.0066176 -0.0009281 -0.0036139 -0.0004086 -0.0026301 0.0001439 -0.0033637 0.0129747 0.0166470 0.0163045 -0.0061309 0.0103886 0.0001905 0.0174692 0.0169197 -0.0072787 -0.0174161 0.0097902 -0.0248124 0.0131105 -0.0192735 -0.0003263 -0.0049018 -0.0171288 -0.0058013 -0.0196448 0.0186648 0.0141315 0.0212811 0.0054955 -0.0125718 0.0006422 0.0084911 -0.0170116 0.0176016 0.0167783 -0.0049256 -0.0007464 0.0171265 0.0125501 0.0068175 0.0036470 0.0204678 -0.0195393 0.0145706 0.0153760 -0.0357952 -0.0026933 0.0200637 -0.0016262 -0.0042381 0.0150313 -0.0304924 0.0167856 0.0001209 0.0035872 -0.0237949 -0.0242259 0.0009416 0.0176338 -0.0184089 -0.0053501 -0.0207585 0.0169563 -0.0190374 0.0173222 -0.0005090 0.0217335 -0.0208078 -0.0177392 -0.0168349 -0.0237436 0.0008122 0.0023602 -0.0068990 -0.0368157 -0.0155549 -0.0201750 0.0013450 -0.0228453 -0.0223370 0.0112881 0.0018625 -0.0199987 -0.0344904 0.0061302 0.0165810 -0.0363233 0.0006236 -0.0008672 -0.0402225 -0.0001951 -0.0023754 0.0185456 0.0111888 -0.0213012 -0.0057858 -0.0217195 -0.0178759 0.0142226 0.0158657 -0.0169020 -0.0137934 -0.0366186 0.0047010 0.0207281 0.0000177 0.0164920 0.0203920 -0.0034883 0.0161364 -0.0156957 -0.0189441 0.0049555 -0.0222445 0.0010519 0.0005280 0.0186326 -0.0386138 0.0047219 -0.0027202 -0.0127132 -0.0026442 -0.0201390 -0.0095899 0.0026326 0.0135180 -0.0019811 0.0062262 -0.0053841 0.0025175 -0.0198519 -0.0053319 -0.0153067 -0.0007137 -0.0165118 0.0185652 -0.0337901 0.0017130 0.0155683 0.0155813 0.0172958 -0.0015968 0.0010941 -0.0041432 0.0068135 0.0184950 -0.0171008 0.0134201 0.0009589 0.0181377 0.0165946 -0.0033043 -0.0143027 0.0196114 -0.0145360 -0.0219318 0.0195563 -0.0026738 0.0145593 -0.0084614 0.0002972 0.0141805 0.0106582 0.0040907 0.0110846 0.0144917 -0.0222319 -0.0186937 0.0139617 -0.0032641 0.0127241
-0.0002850 -0.0013529 -0.0054533 -0.0063351 -0.0020167 -0.0056277 -0.0025996 0.0008323 -0.0019609 0.0011736 -0.0019825 0.0015747 0.0009143 -0.0019907 0.0004632 1.0177534 -0.0066486 -0.0050649 -0.0055290 -0.0016910 -0.0033404 -0.0030810 -0.0024389 -0.0018260 -0.0018625 -0.0009790 -0.0021830 -0.0004033 0.0014586 0.0013576 -0.0008071 -0.0008217 -0.0025183 0.0009451 0.0010040 -0.0012882 -0.0030301 -0.0015594 -0.0040077 0.0002105 -0.0052517 -0.0015988 -0.0028630 -0.0027517 -0.0017163 -0.0042089 0.0016773 0.0004707 0.0004574 -0.0003144 -0.0028817 -0.0027945 -0.0009592 -0.0037036 -0.0001848 -0.0009056 -0.0003691 -0.0004572 0.0017896 -0.0018678 -0.0008548 -0.0015378 0.0009439 -0.0029332 0.0010901 -0.0005473 -0.0056808 -0.0031801 0.0009723 -0.0007092 -0.0015489 0.0014858 -0.0044064 0.0000327 -0.0023780 -0.0012981 -0.0042618 -0.0039664 -0.0011123 0.0011634 -0.0051748 -0.0015128 -0.0036442 0.0015368 -0.0043743 0.0017687 0.0005840 0.0001926 -0.0034816 -0.0038566 -0.0044963 -0.0028292 0.0000310 -0.0003226 -0.0020532 -0.0054999 -0.0027954 -0.0045486 -0.0001132 -0.0045312 -0.0043556 -0.0003895 -0.0015268 -0.0026330 -0.0060012 -0.0017115 0.0002411 -0.0066228 -0.0022219 -0.0006205 -0.0063578 -0.0018522 -0.0026158 0.0021886 -0.0008028 -0.0040134 -0.0021952 -0.0048480 -0.0043548 -0.0000632 0.0020538 -0.0058201 -0.0020968 -0.0053449 0.0002734 0.0010112 -0.0013840 -0.0000766 0.0016605 -0.0015662 0.0004870 -0.0037606 -0.0031260 -0.0001543 -0.0031150 -0.0015607 -0.0017797 -0.0006961 -0.0059270 -0.0003092 -0.0023446 -0.0039827 -0.0018220 -0.0019676 -0.0036549 -0.0015258 0.0008282 -0.0014169 -0.0013393 -0.0032261 -0.0024526 -0.0039589 -0.0019169 -0.0030017 -0.0015347 -0.0022739 0.0018891 -0.0044647 -0.0028370 0.0004785 -0.0002331 0.0015381 -0.0038234 -0.0029721 -0.0020228 -0.0003684 0.0013616 -0.0043698 -0.0003174 -0.0025067 0.0007493 0.0005027 -0.0019593 -0.0051088 0.0012439 -0.0031695 -0.0036190 0.0014805 -0.0014982 0.0002434 -0.0018546 -0.0010450 -0.0008281 -0.0010610 -0.0015224 -0.0000169 -0.0003663 -0.0043479 -0.0021908 0.0004762 -0.0012516 -0.0013765
-0.0290106 -0.0000468 0.0586939 0.0653810 0.0014104 0.0595010 0.0018137 -0.0361948 0.0040599 -0.0396857 -0.0031345 -0.0392001 -0.0379733 -0.0193285 -0.0352821 -0.0066486 1.0644113 0.0379495 0.0639282 -0.0036358 0.0041920 -0.0052202 0.0018385 -0.0042282 0.0003584 -0.0076623 -0.0012960 -0.0313227 -0.0357863 -0.0362413 0.0068859 -0.0199756 -0.0052193 -0.0339831 -0.0357679 0.0087184 0.0252651 -0.0254728 0.0413847 -0.0289344 0.0282755 -0.0062141 0.0011681 0.0241069 0.0005806 0.0307236 -0.0404553 -0.0283728 -0.0422914 -0.0148980 0.0191871 -0.0092282 -0.0183487 0.0235702 -0.0366129 -0.0338060 0.0071243 0.0013364 -0.0342701 -0.0274935 -0.0153679 -0.0111362 -0.0403062 0.0328112 -0.0296726 -0.0347373 0.0547238 -0.0047290 -0.0386241 -0.0026491 0.0016012 -0.0321870 0.0511784 -0.0360774 -0.0067735 -0.0125894 0.0372154 0.0386178 -0.0065549 -0.0396795 0.0261501 0.0061264 0.0314126 -0.0374789 0.0269247 -0.0334995 -0.0022313 -0.0433651 0.0331972 0.0243837 0.0196624 0.0395814 -0.0059121 -0.0081162 0.0048063 0.0634254 0.0208229 0.0315394 -0.0096049 0.0344318 0.0340126 -0.0238050 -0.0135578 0.0307647 0.0561401 -0.0180524 -0.0355280 0.0594074 -0.0062652 -0.0019710 0.0634868 -0.0045416 -0.0014017 -0.0380550 -0.0285999 0.0305567 0.0001455 0.0302709 0.0244199 -0.0307073 -0.0338299 0.0248326 0.0154934 0.0565074 -0.0152169 -0.0415856 -0.0033113 -0.0366366 -0.0395465 0.0011792 -0.0352362 0.0196551 0.0306564 -0.0135454 0.0387694 -0.0080259 -0.0083667 -0.0372252 0.0610435 -0.0161721 -0.0017137 0.0180718 0.0003641 0.0313646 0.0111145 -0.0104640 -0.0301526 -0.0018861 -0.0127817 0.0022666 -0.0086138 0.0301673 0.0037396 0.0222181 -0.0045509 0.0238701 -0.0337095 0.0578512 -0.0074090 -0.0347337 -0.0363066 -0.0321956 -0.0051171 -0.0043679 0.0041248 -0.0185472 -0.0370509 0.0253111 -0.0295353 -0.0113210 -0.0374474 -0.0346669 -0.0007917 0.0205487 -0.0367453 0.0209844 0.0334014 -0.0407181 -0.0040553 -0.0306841 0.0127429 -0.0065561 -0.0325897 -0.0239585 -0.0113548 -0.0271653 -0.0315577 0.0310105 0.0300321 -0.0305045 -0.0011087 -0.0302416
-0.0214447 -0.0015893 0.0371018 0.0410022 -0.0007027 0.0391497 0.0002171 -0.0242942 0.0027929 -0.0283478 -0.0034681 -0.0259157 -0.0245020 -0.0133754 -0.0234932 -0.0050649 0.0379495 1.0407854 0.0405640 -0.0014207 0.0035939 -0.0070786 0.0004114 -0.0042375 -0.0001221 -0.0046367 -0.0009066 -0.0211783 -0.0239068 -0.0227008 0.0028901 -0.0135485 -0.0041643 -0.0231809 -0.0244872 0.0048374 0.0154478 -0.0170195 0.0253525 -0.0189705 0.0156705 -0.0048332 0.0001474 0.0158332 0.0011720 0.0191028 -0.0292189 -0.0207687 -0.0289596 -0.0082702 0.0115235 -0.0074721 -0.0137906 0.0145648 -0.0233882 -0.0243271 0.0047236 0.0007516 -0.0232082 -0.0199724 -0.0111382 -0.0094662 -0.0278777 0.0192584 -0.0206215 -0.0244366 0.0340017 -0.0042892 -0.0257320 -0.0009168 -0.0009706 -0.0219622 0.0330357 -0.0254279 -0.0052736 -0.0096892 0.0240934 0.0253451 -0.0052031 -0.0248978 0.0170765 0.0032253 0.0212865 -0.0248029 0.0171025 -0.0208846 -0.0003388 -0.0287328 0.0223990 0.0155874 0.0116301 0.0235682 -0.0031421 -0.0059520 0.0008746 0.0386542 0.0126678 0.0183050 -0.0047852 0.0214648 0.0208443 -0.0170725 -0.0103156 0.0208530 0.0361741 -0.0111278 -0.0229888 0.0371920 -0.0057248 -0.0028976 0.0377055 -0.0034740 -0.0034118 -0.0269207 -0.0176844 0.0203544 0.0010886 0.0202883 0.0144141 -0.0215743 -0.0234034 0.0122135 0.0091261 0.0356611 -0.0097282 -0.0279601 -0.0022114 -0.0236038 -0.0272891 -0.0000762 -0.0232400 0.0123354 0.0184923 -0.0078678 0.0254690 -0.0071042 -0.0067856 -0.0248828 0.0410536 -0.0098189 -0.0026467 0.0088833 0.0001775 0.0187429 0.0058813 -0.0090290 -0.0209218 -0.0001154 -0.0084815 0.0011689 -0.0083797 0.0166816 0.0014473 0.0153693 -0.0064308 0.0136602 -0.0238954 0.0384084 -0.0061692 -0.0235645 -0.0246738 -0.0211099 -0.0048516 -0.0047155 0.0016553 -0.0139689 -0.0241068 0.0137215 -0.0203402 -0.0087779 -0.0252469 -0.0238136 -0.0010342 0.0121009 -0.0244841 0.0134296 0.0228612 -0.0284389 -0.0050856 -0.0183763 0.0073119 -0.0044917 -0.0220856 -0.0173754 -0.0076116 -0.0165569 -0.0222199 0.0214695 0.0211608 -0.0216774 -0.0017596 -0.0193691
-0.0336897 0.0019929 0.0646419 0.0709346 0.0020254 0.0660423 0.0037044 -0.0403275 0.0032972 -0.0442670 -0.0039061 -0.0415097 -0.0407105 -0.0205011 -0.0375577 -0.0055290 0.0639282 0.0405640 1.0735714 -0.0031214 0.0059971 -0.0070579 0.0015653 -0.0051899 -0.0001943 -0.0087469 0.0002731 -0.0317439 -0.0393953 -0.0391821 0.0053518 -0.0218092 -0.0051298 -0.0392261 -0.0392492 0.0102524 0.0305146 -0.0269406 0.0457030 -0.0316915 0.0323656 -0.0070958 0.0026439 0.0262748 0.0012611 0.0326508 -0.0436387 -0.0333994 -0.0461798 -0.0149423 0.0212423 -0.0101881 -0.0220625 0.0283509 -0.0394665 -0.0379707 0.0079174 0.0014261 -0.0366157 -0.0290874 -0.0159502 -0.0135604 -0.0434702 0.0359536 -0.0343202 -0.0388203 0.0621981 -0.0066462 -0.0431072 -0.0027951 0.0009760 -0.0346602 0.0576025 -0.0395069 -0.0074852 -0.0150085 0.0431983 0.0442766 -0.0067109 -0.0409500 0.0304635 0.0061162 0.0390242 -0.0388009 0.0304880 -0.0348455 -0.0031042 -0.0468352 0.0376345 0.0275693 0.0242808 0.0446929 -0.0060446 -0.0091190 0.0060873 0.0682450 0.0253992 0.0349929 -0.0084407 0.0377773 0.0367576 -0.0271025 -0.0145035 0.0342826 0.0622866 -0.0186072 -0.0402097 0.0678453 -0.0073296 -0.0014633 0.0703514 -0.0045426 -0.0020809 -0.0409000 -0.0284277 0.0340980 0.0034664 0.0351532 0.0276040 -0.0340010 -0.0362837 0.0274348 0.0193002 0.0648604 -0.0156314 -0.0440948 -0.0030029 -0.0403502 -0.0435184 0.0024295 -0.0382604 0.0248600 0.0326077 -0.0162353 0.0410322 -0.0082397 -0.0089848 -0.0400975 0.0680766 -0.0162340 -0.0010919 0.0198946 0.0005079 0.0334594 0.0129157 -0.0107176 -0.0325288 0.0001136 -0.0164300 0.0025438 -0.0095559 0.0332764 0.0024630 0.0261548 -0.0058889 0.0271018 -0.0374564 0.0631477 -0.0086104 -0.0379888 -0.0395661 -0.0355911 -0.0039314 -0.0036645 0.0053383 -0.0200043 -0.0394567 0.0287004 -0.0329880 -0.0114398 -0.0418770 -0.0376562 -0.0008395 0.0227335 -0.0404841 0.0245537 0.0393173 -0.0449178 -0.0045035 -0.0328531 0.0156657 -0.0056654 -0.0364378 -0.0259701 -0.0121732 -0.0292670 -0.0339003 0.0359206 0.0340143 -0.0333940 -0.0019626 -0.0314145
