0.9521638 -0.0537383 -0.0727324 -0.0514613 -0.0308346 -0.0673034 -0.0661389 -0.0813609 -0.0508443 -0.0637745 -0.0519729 -0.0372648 -0.0505767 -0.0509679 -0.0367728 -0.0421780 -0.0480854 -0.0531047
-0.0537383 0.9743543 -0.0498869 -0.0571297 -0.0395305 -0.0529923 -0.0576405 -0.0753303 -0.0320327 -0.0484720 -0.0393446 -0.0501037 -0.0643058 -0.0631985 -0.0589934 -0.0558560 -0.0618033 -0.0699683
-0.0727324 -0.0498869 0.9362768 -0.0614182 -0.0622412 -0.0557023 -0.0572365 0.0950486 -0.0520501 -0.0496133 -0.0518231 -0.0719275 -0.0824291 -0.0772876 -0.0788223 -0.0952544 -0.0696635 -0.0710837
-0.0514613 -0.0571297 -0.0614182 0.9321532 -0.0671120 -0.0561965 -0.0542723 -0.0573999 -0.0413797 -0.0461952 -0.0392560 -0.0369250 -0.0434734 -0.0487197 -0.0332885 -0.0487271 -0.0462854 -0.0483113
-0.0308346 -0.0395305 -0.0622412 -0.0671120 0.9575862 -0.0422864 -0.0478594 -0.0741800 -0.0375491 -0.0353974 -0.0425170 -0.0671652 -0.0666659 -0.0569682 -0.0478897 -0.0662827 -0.0536994 -0.0670057
-0.0673034 -0.0529923 -0.0557023 -0.0561965 -0.0422864 0.9525403 -0.0477827 -0.0304452 -0.0155097 -0.0420067 -0.0473361 -0.0589605 -0.0804260 -0.0686785 -0.0539744 -0.0635627 -0.0698900 -0.0697459
-0.0661389 -0.0576405 -0.0572365 -0.0542723 -0.0478594 -0.0477827 0.9497859 -0.0723259 -0.0389174 -0.0437674 -0.0371443 -0.0572823 -0.0516880 -0.0656877 -0.0500691 -0.0632226 -0.0712443 -0.0600816
-0.0813609 -0.0753303 0.0950486 -0.0573999 -0.0741800 -0.0304452 -0.0723259 0.9634103 -0.0517330 -0.0851422 -0.0609943 -0.0690049 -0.0706477 -0.0714341 -0.0801310 -0.0707748 -0.0727780 -0.0649867
-0.0508443 -0.0320327 -0.0520501 -0.0413797 -0.0375491 -0.0155097 -0.0389174 -0.0517330 0.9439771 -0.0359843 -0.0426710 -0.0459472 -0.0500677 -0.0396822 -0.0384116 -0.0439761 -0.0444652 -0.0431404
-0.0637745 -0.0484720 -0.0496133 -0.0461952 -0.0353974 -0.0420067 -0.0437674 -0.0851422 -0.0359843 0.9292566 -0.0350835 -0.0558723 -0.0521635 -0.0470123 -0.0264559 -0.0494110 -0.0451622 -0.0576581
-0.0519729 -0.0393446 -0.0518231 -0.0392560 -0.0425170 -0.0473361 -0.0371443 -0.0609943 -0.0426710 -0.0350835 0.9252417 -0.0616407 -0.0599637 -0.0518338 -0.0434363 -0.0477254 -0.0584331 -0.0553268
-0.0372648 -0.0501037 -0.0719275 -0.0369250 -0.0671652 -0.0589605 -0.0572823 -0.0690049 -0.0459472 -0.0558723 -0.0616407 0.9253883 -0.0489113 -0.0606937 -0.0298306 -0.0407879 -0.0461737 -0.0556065
-0.0505767 -0.0643058 -0.0824291 -0.0434734 -0.0666659 -0.0804260 -0.0516880 -0.0706477 -0.0500677 -0.0521635 -0.0599637 -0.0489113 0.9527479 -0.0435594 -0.0307731 -0.0265989 -0.0355315 -0.0494517
-0.0509679 -0.0631985 -0.0772876 -0.0487197 -0.0569682 -0.0686785 -0.0656877 -0.0714341 -0.0396822 -0.0470123 -0.0518338 -0.0606937 -0.0435594 0.9412388 -0.0399353 -0.0378562 -0.0540228 -0.0414507
-0.0367728 -0.0589934 -0.0788223 -0.0332885 -0.0478897 -0.0539744 -0.0500691 -0.0801310 -0.0384116 -0.0264559 -0.0434363 -0.0298306 -0.0307731 -0.0399353 0.9281562 -0.0343060 -0.0449530 -0.0324464
-0.0421780 -0.0558560 -0.0952544 -0.0487271 -0.0662827 -0.0635627 -0.0632226 -0.0707748 -0.0439761 -0.0494110 -0.0477254 -0.0407879 -0.0265989 -0.0378562 -0.0343060 0.9585822 -0.0324493 -0.0331037
-0.0480854 -0.0618033 -0.0696635 -0.0462854 -0.0536994 -0.0698900 -0.0712443 -0.0727780 -0.0444652 -0.0451622 -0.0584331 -0.0461737 -0.0355315 -0.0540228 -0.0449530 -0.0324493 0.9371451 -0.0521312
-0.0531047 -0.0699683 -0.0710837 -0.0483113 -0.0670057 -0.0697459 -0.0600816 -0.0649867 -0.0431404 -0.0576581 -0.0553268 -0.0556065 -0.0494517 -0.0414507 -0.0324464 -0.0331037 -0.0521312 0.9429389
