1.0165125 -0.0595498 -0.0805853 0.0000064 -0.0084341 -0.0486941 0.0016047 -0.0323143 -0.0586691 -0.0632541 -0.0924675 -0.0382284 -0.0511803 -0.0423398 0.0001551 -0.0478978 -0.0541499 -0.0624226 -0.0389907 -0.0478988 -0.0544202 -0.0566223
-0.0595498 0.9921297 -0.0638669 0.0000151 -0.0111468 -0.0438874 0.0005254 -0.0482048 -0.0591497 -0.0617847 -0.0805333 -0.0227367 -0.0478350 -0.0410746 0.0000164 -0.0545429 -0.0574545 -0.0546368 -0.0453004 -0.0469036 -0.0569598 -0.0643961
-0.0805853 -0.0638669 1.0168202 -0.0001318 -0.0626051 -0.0616627 -0.0079177 -0.0798883 -0.0678519 -0.0741861 0.1443152 -0.0704652 -0.0598521 -0.0687220 -0.0009276 -0.0787622 -0.0795594 -0.0871007 -0.0681524 -0.0825164 -0.0772652 -0.0850795
0.0000064 0.0000151 -0.0001318 1.0000210 0.0000195 -0.0000033 0.0000056 0.0000244 -0.0000198 0.0000298 -0.0001518 -0.0000008 0.0000065 0.0000162 0.0000094 0.0000141 0.0000082 0.0000243 0.0000140 0.0000086 0.0000102 0.0000142
-0.0084341 -0.0111468 -0.0626051 0.0000195 0.9778243 -0.0087453 0.0009343 -0.0088657 -0.0176414 -0.0090271 -0.0734882 -0.0040659 -0.0076728 -0.0062390 0.0001242 -0.0081192 -0.0074513 -0.0051839 -0.0020414 -0.0058721 -0.0097123 -0.0060889
-0.0486941 -0.0438874 -0.0616627 -0.0000033 -0.0087453 0.9665960 0.0006471 -0.0493255 -0.0498504 -0.0524815 -0.0682070 -0.0338739 -0.0360329 -0.0328612 0.0000381 -0.0500134 -0.0497010 -0.0433396 -0.0312433 -0.0432178 -0.0461949 -0.0494826
0.0016047 0.0005254 -0.0079177 0.0000056 0.0009343 0.0006471 0.9991819 0.0009609 -0.0007717 0.0009336 -0.0097322 0.0008028 0.0007269 0.0007137 0.0000314 0.0009924 0.0012415 0.0016238 0.0009348 0.0011097 0.0013349 0.0015941
-0.0323143 -0.0482048 -0.0798883 0.0000244 -0.0088657 -0.0493255 0.0009609 0.9932873 -0.0528287 -0.0550556 -0.0807865 -0.0353825 -0.0328519 -0.0436623 0.0000398 -0.0589917 -0.0587051 -0.0598219 -0.0403851 -0.0515544 -0.0563801 -0.0618072
-0.0586691 -0.0591497 -0.0678519 -0.0000198 -0.0176414 -0.0498504 -0.0007717 -0.0528287 0.9982742 -0.0563925 -0.0378099 -0.0257447 -0.0486761 -0.0505614 -0.0001141 -0.0628985 -0.0711147 -0.0690313 -0.0465753 -0.0470338 -0.0608905 -0.0659383
-0.0632541 -0.0617847 -0.0741861 0.0000298 -0.0090271 -0.0524815 0.0009336 -0.0550556 -0.0563925 0.9981323 -0.0875431 -0.0293522 -0.0493911 -0.0451531 0.0000112 -0.0588875 -0.0522912 -0.0583895 -0.0424241 -0.0530141 -0.0663010 -0.0593644
-0.0924675 -0.0805333 0.1443152 -0.0001518 -0.0734882 -0.0682070 -0.0097322 -0.0807865 -0.0378099 -0.0875431 1.1031967 -0.0730240 -0.0813084 -0.0773498 -0.0012036 -0.0817169 -0.0858779 -0.0911029 -0.0808401 -0.0839858 -0.0938344 -0.0884987
-0.0382284 -0.0227367 -0.0704652 -0.0000008 -0.0040659 -0.0338739 0.0008028 -0.0353825 -0.0257447 -0.0293522 -0.0730240 0.9627876 -0.0303851 -0.0300381 0.0000507 -0.0358932 -0.0369000 -0.0369519 -0.0196262 -0.0293556 -0.0373324 -0.0374095
-0.0511803 -0.0478350 -0.0598521 0.0000065 -0.0076728 -0.0360329 0.0007269 -0.0328519 -0.0486761 -0.0493911 -0.0813084 -0.0303851 0.9600385 -0.0348466 -0.0000027 -0.0453707 -0.0501642 -0.0501633 -0.0260596 -0.0436943 -0.0483684 -0.0464417
-0.0423398 -0.0410746 -0.0687220 0.0000162 -0.0062390 -0.0328612 0.0007137 -0.0436623 -0.0505614 -0.0451531 -0.0773498 -0.0300381 -0.0348466 0.9481538 0.0000651 -0.0470269 -0.0465907 -0.0494750 -0.0302502 -0.0409030 -0.0452152 -0.0461665
0.0001551 0.0000164 -0.0009276 0.0000094 0.0001242 0.0000381 0.0000314 0.0000398 -0.0001141 0.0000112 -0.0012036 0.0000507 -0.0000027 0.0000651 1.0005640 0.0000007 0.0000689 0.0001066 0.0001202 0.0001050 0.0001916 0.0001546
-0.0478978 -0.0545429 -0.0787622 0.0000141 -0.0081192 -0.0500134 0.0009924 -0.0589917 -0.0628985 -0.0588875 -0.0817169 -0.0358932 -0.0453707 -0.0470269 0.0000007 1.0038519 -0.0579539 -0.0624086 -0.0335597 -0.0427225 -0.0576985 -0.0591746
-0.0541499 -0.0574545 -0.0795594 0.0000082 -0.0074513 -0.0497010 0.0012415 -0.0587051 -0.0711147 -0.0522912 -0.0858779 -0.0369000 -0.0501642 -0.0465907 0.0000689 -0.0579539 1.0235926 -0.0547471 -0.0368789 -0.0408505 -0.0421675 -0.0601248
-0.0624226 -0.0546368 -0.0871007 0.0000243 -0.0051839 -0.0433396 0.0016238 -0.0598219 -0.0690313 -0.0583895 -0.0911029 -0.0369519 -0.0501633 -0.0494750 0.0001066 -0.0624086 -0.0547471 1.0366795 -0.0419009 -0.0476778 -0.0584406 -0.0569132
-0.0389907 -0.0453004 -0.0681524 0.0000140 -0.0020414 -0.0312433 0.0009348 -0.0403851 -0.0465753 -0.0424241 -0.0808401 -0.0196262 -0.0260596 -0.0302502 0.0001202 -0.0335597 -0.0368789 -0.0419009 0.9542438 -0.0329096 -0.0389043 -0.0398680
-0.0478988 -0.0469036 -0.0825164 0.0000086 -0.0058721 -0.0432178 0.0011097 -0.0515544 -0.0470338 -0.0530141 -0.0839858 -0.0293556 -0.0436943 -0.0409030 0.0001050 -0.0427225 -0.0408505 -0.0476778 -0.0329096 0.9970134 -0.0467901 -0.0427725
-0.0544202 -0.0569598 -0.0772652 0.0000102 -0.0097123 -0.0461949 0.0013349 -0.0563801 -0.0608905 -0.0663010 -0.0938344 -0.0373324 -0.0483684 -0.0452152 0.0001916 -0.0576985 -0.0421675 -0.0584406 -0.0389043 -0.0467901 1.0160006 -0.0579662
-0.0566223 -0.0643961 -0.0850795 0.0000142 -0.0060889 -0.0494826 0.0015941 -0.0618072 -0.0659383 -0.0593644 -0.0884987 -0.0374095 -0.0464417 -0.0461665 0.0001546 -0.0591746 -0.0601248 -0.0569132 -0.0398680 -0.0427725 -0.0579662 1.0302026
