0.9850302 -0.0610270 -0.0773304 -0.0543580 -0.0311185 -0.0583623 -0.0630364 -0.0838331 -0.0481016 -0.0589893 -0.0468642 -0.0459358 -0.0538794 -0.0573790 -0.0436770 -0.0499766 -0.0510475 -0.0535953
-0.0610270 0.9816744 -0.0537169 -0.0528448 -0.0509881 -0.0561965 -0.0593101 -0.0710591 -0.0298247 -0.0535796 -0.0442899 -0.0574147 -0.0614293 -0.0536135 -0.0584743 -0.0525023 -0.0573982 -0.0620664
-0.0773304 -0.0537169 0.9702757 -0.0587728 -0.0746859 -0.0570201 -0.0676031 0.1094377 -0.0694477 -0.0556029 -0.0613434 -0.0726055 -0.0705604 -0.0820414 -0.0666903 -0.0867375 -0.0743334 -0.0809167
-0.0543580 -0.0528448 -0.0587728 0.9764693 -0.0583468 -0.0510924 -0.0573169 -0.0609043 -0.0480923 -0.0436849 -0.0441934 -0.0526127 -0.0535922 -0.0443283 -0.0400773 -0.0518890 -0.0473494 -0.0543894
-0.0311185 -0.0509881 -0.0746859 -0.0583468 0.9842312 -0.0511857 -0.0555849 -0.0703271 -0.0409203 -0.0413382 -0.0466900 -0.0610731 -0.0608917 -0.0596390 -0.0499055 -0.0602372 -0.0554814 -0.0608453
-0.0583623 -0.0561965 -0.0570201 -0.0510924 -0.0511857 0.9759805 -0.0512534 -0.0349778 -0.0309689 -0.0491747 -0.0540659 -0.0618858 -0.0736962 -0.0691987 -0.0556382 -0.0563849 -0.0626487 -0.0659122
-0.0630364 -0.0593101 -0.0676031 -0.0573169 -0.0555849 -0.0512534 0.9735857 -0.0749731 -0.0366297 -0.0507685 -0.0463686 -0.0583936 -0.0500899 -0.0581243 -0.0510235 -0.0572631 -0.0628839 -0.0613373
-0.0838331 -0.0710591 0.1094377 -0.0609043 -0.0703271 -0.0349778 -0.0749731 1.0125568 -0.0709040 -0.0804140 -0.0699399 -0.0713977 -0.0743542 -0.0779345 -0.0760795 -0.0819362 -0.0812046 -0.0774489
-0.0481016 -0.0298247 -0.0694477 -0.0480923 -0.0409203 -0.0309689 -0.0366297 -0.0709040 0.9859359 -0.0357956 -0.0430734 -0.0434151 -0.0484973 -0.0418999 -0.0338106 -0.0384995 -0.0490510 -0.0468081
-0.0589893 -0.0535796 -0.0556029 -0.0436849 -0.0413382 -0.0491747 -0.0507685 -0.0804140 -0.0357956 0.9772339 -0.0412559 -0.0548859 -0.0555439 -0.0518339 -0.0348557 -0.0522448 -0.0555206 -0.0523180
-0.0468642 -0.0442899 -0.0613434 -0.0441934 -0.0466900 -0.0540659 -0.0463686 -0.0699399 -0.0430734 -0.0412559 0.9645166 -0.0545311 -0.0541832 -0.0559362 -0.0421346 -0.0515145 -0.0523278 -0.0497414
-0.0459358 -0.0574147 -0.0726055 -0.0526127 -0.0610731 -0.0618858 -0.0583936 -0.0713977 -0.0434151 -0.0548859 -0.0545311 0.9734030 -0.0538326 -0.0624935 -0.0365121 -0.0441134 -0.0510877 -0.0537198
-0.0538794 -0.0614293 -0.0705604 -0.0535922 -0.0608917 -0.0736962 -0.0500899 -0.0743542 -0.0484973 -0.0555439 -0.0541832 -0.0538326 0.9833913 -0.0504223 -0.0414307 -0.0356851 -0.0427000 -0.0544629
-0.0573790 -0.0536135 -0.0820414 -0.0443283 -0.0596390 -0.0691987 -0.0581243 -0.0779345 -0.0418999 -0.0518339 -0.0559362 -0.0624935 -0.0504223 0.9823063 -0.0493101 -0.0458997 -0.0520673 -0.0449795
-0.0436770 -0.0584743 -0.0666903 -0.0400773 -0.0499055 -0.0556382 -0.0510235 -0.0760795 -0.0338106 -0.0348557 -0.0421346 -0.0365121 -0.0414307 -0.0493101 0.9723846 -0.0385942 -0.0466598 -0.0443694
-0.0499766 -0.0525023 -0.0867375 -0.0518890 -0.0602372 -0.0563849 -0.0572631 -0.0819362 -0.0384995 -0.0522448 -0.0515145 -0.0441134 -0.0356851 -0.0458997 -0.0385942 0.9882194 -0.0424046 -0.0382616
-0.0510475 -0.0573982 -0.0743334 -0.0473494 -0.0554814 -0.0626487 -0.0628839 -0.0812046 -0.0490510 -0.0555206 -0.0523278 -0.0510877 -0.0427000 -0.0520673 -0.0466598 -0.0424046 0.9754607 -0.0548523
-0.0535953 -0.0620664 -0.0809167 -0.0543894 -0.0608453 -0.0659122 -0.0613373 -0.0774489 -0.0468081 -0.0523180 -0.0497414 -0.0537198 -0.0544629 -0.0449795 -0.0443694 -0.0382616 -0.0548523 0.9821733
