1.0115378 -0.0613489 -0.0812335 -0.0502150 -0.0330614 -0.0595571 -0.0643755 -0.0921862 -0.0395838 -0.0526401 -0.0436212 -0.0485907 -0.0551765 -0.0628643 -0.0405068 -0.0493182 -0.0559985 -0.0574326
-0.0613489 0.9901449 -0.0646348 -0.0450630 -0.0490839 -0.0603051 -0.0632168 -0.0807841 -0.0235226 -0.0492484 -0.0422855 -0.0550654 -0.0588330 -0.0553054 -0.0466256 -0.0480531 -0.0579337 -0.0647872
-0.0812335 -0.0646348 1.0143588 -0.0619544 -0.0813998 -0.0690857 -0.0751449 0.1403809 -0.0723362 -0.0609361 -0.0700942 -0.0800630 -0.0800372 -0.0876384 -0.0691471 -0.0841649 -0.0775587 -0.0855412
-0.0502150 -0.0450630 -0.0619544 0.9640197 -0.0510281 -0.0510969 -0.0533761 -0.0683714 -0.0355107 -0.0372943 -0.0341222 -0.0511566 -0.0510140 -0.0442708 -0.0329130 -0.0447911 -0.0478598 -0.0507048
-0.0330614 -0.0490839 -0.0813998 -0.0510281 0.9933084 -0.0542746 -0.0561682 -0.0816807 -0.0366613 -0.0345788 -0.0449541 -0.0600202 -0.0599776 -0.0600589 -0.0414472 -0.0531348 -0.0575313 -0.0620931
-0.0595571 -0.0603051 -0.0690857 -0.0510969 -0.0542746 0.9969562 -0.0572739 -0.0384826 -0.0263965 -0.0501876 -0.0517261 -0.0638833 -0.0721020 -0.0693738 -0.0478526 -0.0484875 -0.0614759 -0.0663359
-0.0643755 -0.0632168 -0.0751449 -0.0533761 -0.0561682 -0.0572739 0.9956694 -0.0883703 -0.0304927 -0.0503655 -0.0460033 -0.0595307 -0.0527468 -0.0586092 -0.0433031 -0.0539891 -0.0668031 -0.0591873
-0.0921862 -0.0807841 0.1403809 -0.0683714 -0.0816807 -0.0384826 -0.0883703 1.0894655 -0.0739218 -0.0823168 -0.0779387 -0.0813961 -0.0858266 -0.0905162 -0.0806926 -0.0850896 -0.0933128 -0.0875430
-0.0395838 -0.0235226 -0.0723362 -0.0355107 -0.0366613 -0.0263965 -0.0304927 -0.0739218 0.9628928 -0.0315334 -0.0314321 -0.0370594 -0.0383107 -0.0380349 -0.0205714 -0.0305649 -0.0388646 -0.0384647
-0.0526401 -0.0492484 -0.0609361 -0.0372943 -0.0345788 -0.0501876 -0.0503655 -0.0823168 -0.0315334 0.9584853 -0.0360043 -0.0460783 -0.0512132 -0.0507986 -0.0269541 -0.0449835 -0.0494932 -0.0468954
-0.0436212 -0.0422855 -0.0700942 -0.0341222 -0.0449541 -0.0517261 -0.0460033 -0.0779387 -0.0314321 -0.0360043 0.9467975 -0.0478113 -0.0477861 -0.0501327 -0.0315148 -0.0419568 -0.0467216 -0.0466191
-0.0485907 -0.0550654 -0.0800630 -0.0511566 -0.0600202 -0.0638833 -0.0595307 -0.0813961 -0.0370594 -0.0460783 -0.0478113 0.9961855 -0.0579138 -0.0624146 -0.0345866 -0.0436982 -0.0584001 -0.0593105
-0.0551765 -0.0588330 -0.0800372 -0.0510140 -0.0599776 -0.0721020 -0.0527468 -0.0858266 -0.0383107 -0.0512132 -0.0477861 -0.0579138 1.0177572 -0.0550439 -0.0382749 -0.0419909 -0.0432221 -0.0609576
-0.0628643 -0.0553054 -0.0876384 -0.0442708 -0.0600589 -0.0693738 -0.0586092 -0.0905162 -0.0380349 -0.0507986 -0.0501327 -0.0624146 -0.0550439 1.0262343 -0.0430299 -0.0486401 -0.0589519 -0.0568478
-0.0405068 -0.0466256 -0.0691471 -0.0329130 -0.0414472 -0.0478526 -0.0433031 -0.0806926 -0.0205714 -0.0269541 -0.0315148 -0.0345866 -0.0382749 -0.0430299 0.9510748 -0.0340922 -0.0404994 -0.0409167
-0.0493182 -0.0480531 -0.0841649 -0.0447911 -0.0531348 -0.0484875 -0.0539891 -0.0850896 -0.0305649 -0.0449835 -0.0419568 -0.0436982 -0.0419909 -0.0486401 -0.0340922 0.9940317 -0.0482888 -0.0434590
-0.0559985 -0.0579337 -0.0775587 -0.0478598 -0.0575313 -0.0614759 -0.0668031 -0.0933128 -0.0388646 -0.0494932 -0.0467216 -0.0584001 -0.0432221 -0.0589519 -0.0404994 -0.0482888 1.0092896 -0.0581246
-0.0574326 -0.0647872 -0.0855412 -0.0507048 -0.0620931 -0.0663359 -0.0591873 -0.0875430 -0.0384647 -0.0468954 -0.0466191 -0.0593105 -0.0609576 -0.0568478 -0.0409167 -0.0434590 -0.0581246 1.0186690
