0.9686830 -0.0539168 -0.0726546 -0.0573191 -0.0272671 -0.0627204 -0.0634372 -0.0861088 -0.0493312 -0.0563202 -0.0464525 -0.0403659 -0.0573404 -0.0542120 -0.0411352 -0.0480042 -0.0541197 -0.0576869
-0.0539168 0.9888380 -0.0635199 -0.0541009 -0.0486371 -0.0611845 -0.0681748 -0.0749255 -0.0306107 -0.0519010 -0.0490122 -0.0452094 -0.0569366 -0.0602103 -0.0561906 -0.0463635 -0.0560839 -0.0650894
-0.0726546 -0.0635199 0.9631890 -0.0546388 -0.0772022 -0.0643981 -0.0704937 0.1079192 -0.0713446 -0.0674965 -0.0650487 -0.0666673 -0.0795168 -0.0753074 -0.0655892 -0.0794738 -0.0622075 -0.0722955
-0.0573191 -0.0541009 -0.0546388 0.9525372 -0.0596189 -0.0484779 -0.0531597 -0.0567558 -0.0444793 -0.0459235 -0.0332041 -0.0460062 -0.0497455 -0.0532901 -0.0423754 -0.0517232 -0.0548648 -0.0542945
-0.0272671 -0.0486371 -0.0772022 -0.0596189 0.9789060 -0.0507203 -0.0498631 -0.0793577 -0.0421287 -0.0453924 -0.0474783 -0.0643036 -0.0628250 -0.0563794 -0.0441716 -0.0598781 -0.0490003 -0.0598562
-0.0627204 -0.0611845 -0.0643981 -0.0484779 -0.0507203 0.9721470 -0.0550550 -0.0350019 -0.0223563 -0.0487667 -0.0563103 -0.0540456 -0.0812835 -0.0688525 -0.0463647 -0.0560905 -0.0609394 -0.0653704
-0.0634372 -0.0681748 -0.0704937 -0.0531597 -0.0498631 -0.0550550 0.9809690 -0.0781255 -0.0379619 -0.0497596 -0.0432789 -0.0568737 -0.0451407 -0.0592625 -0.0506492 -0.0601975 -0.0701333 -0.0562268
-0.0861088 -0.0749255 0.1079192 -0.0567558 -0.0793577 -0.0350019 -0.0781255 0.9919482 -0.0642004 -0.0893111 -0.0687664 -0.0722696 -0.0730339 -0.0753228 -0.0736292 -0.0710631 -0.0737726 -0.0705864
-0.0493312 -0.0306107 -0.0713446 -0.0444793 -0.0421287 -0.0223563 -0.0379619 -0.0642004 0.9637426 -0.0369743 -0.0405030 -0.0451670 -0.0415696 -0.0378020 -0.0327774 -0.0376024 -0.0448913 -0.0416290
-0.0563202 -0.0519010 -0.0674965 -0.0459235 -0.0453924 -0.0487667 -0.0497596 -0.0893111 -0.0369743 0.9513252 -0.0375745 -0.0534755 -0.0493170 -0.0449497 -0.0245004 -0.0473845 -0.0412963 -0.0521944
-0.0464525 -0.0490122 -0.0650487 -0.0332041 -0.0474783 -0.0563103 -0.0432789 -0.0687664 -0.0405030 -0.0375745 0.9424002 -0.0577163 -0.0520628 -0.0497102 -0.0428394 -0.0439063 -0.0545684 -0.0540763
-0.0403659 -0.0452094 -0.0666673 -0.0460062 -0.0643036 -0.0540456 -0.0568737 -0.0722696 -0.0451670 -0.0534755 -0.0577163 0.9447106 -0.0551912 -0.0641402 -0.0322550 -0.0556905 -0.0518333 -0.0557265
-0.0573404 -0.0569366 -0.0795168 -0.0497455 -0.0628250 -0.0812835 -0.0451407 -0.0730339 -0.0415696 -0.0493170 -0.0520628 -0.0551912 0.9762374 -0.0467139 -0.0405738 -0.0412243 -0.0464655 -0.0553645
-0.0542120 -0.0602103 -0.0753074 -0.0532901 -0.0563794 -0.0688525 -0.0592625 -0.0753228 -0.0378020 -0.0449497 -0.0497102 -0.0641402 -0.0467139 0.9654149 -0.0479882 -0.0441957 -0.0559947 -0.0511483
-0.0411352 -0.0561906 -0.0655892 -0.0423754 -0.0441716 -0.0463647 -0.0506492 -0.0736292 -0.0327774 -0.0245004 -0.0428394 -0.0322550 -0.0405738 -0.0479882 0.9421197 -0.0425435 -0.0508000 -0.0400655
-0.0480042 -0.0463635 -0.0794738 -0.0517232 -0.0598781 -0.0560905 -0.0601975 -0.0710631 -0.0376024 -0.0473845 -0.0439063 -0.0556905 -0.0412243 -0.0441957 -0.0425435 0.9816796 -0.0491975 -0.0430905
-0.0541197 -0.0560839 -0.0622075 -0.0548648 -0.0490003 -0.0609394 -0.0701333 -0.0737726 -0.0448913 -0.0412963 -0.0545684 -0.0518333 -0.0464655 -0.0559947 -0.0508000 -0.0491975 0.9596825 -0.0582390
-0.0576869 -0.0650894 -0.0722955 -0.0542945 -0.0598562 -0.0653704 -0.0562268 -0.0705864 -0.0416290 -0.0521944 -0.0540763 -0.0557265 -0.0553645 -0.0511483 -0.0400655 -0.0430905 -0.0582390 0.9695459
